>> main

Local minimum possible.

fminunc stopped because the size of the current step is less than
the default value of the step size tolerance.

<stopping criteria details>

time for training: 5.091225s
Error metrics output 1 (Heatpump) Testdata:
mae (mean absolute error)0.850774
mse (mean squared error)0.917945
rmse (root mean squared error)0.958094
mare (mean absolute relative error)1.074655
msre (mean squared relative error)1.774242
rmsre (root mean squared relative error)1.332007
mape (mean absolute percentage error)107.465509
mspe (mean squared percentage error)17742.424199
rmspe (root mean squared percentage error)133.200691
Error metrics output 2(Gas) Testdata:
mae (mean absolute error)0.706421
mse (mean squared error)0.910937
rmse (root mean squared error)0.954430
mare (mean absolute relative error)2.402615
msre (mean squared relative error)99.966774
rmsre (root mean squared relative error)9.998339
mape (mean absolute percentage error)240.261529
mspe (mean squared percentage error)999667.744440
rmspe (root mean squared percentage error)999.833858
Error metrics output 3(combined) Testdata:
mae (mean absolute error)0.920671
mse (mean squared error)1.080433
rmse (root mean squared error)1.039439
mare (mean absolute relative error)3.644354
msre (mean squared relative error)613.225509
rmsre (root mean squared relative error)24.763390
mape (mean absolute percentage error)364.435436
mspe (mean squared percentage error)6132255.086151
rmspe (root mean squared percentage error)2476.339049
absolute Errors:

Errors_test =

  247.4000    2.6800  250.0800
   11.2495   44.2412   92.3291
  193.5000    4.2800  197.7800
  393.5000    3.9700  397.4700
  611.0986   30.2731  749.4622
  349.4986   36.4031  493.9922
   66.2000    7.1100   73.3100
  101.5000    5.3970  106.8970
  238.3000    2.8760  241.1760
  409.9988   -1.9268  516.1622
         0    3.5946    3.5946
  182.0000    5.4000  187.4000
  240.0677   50.1633  290.2648
  362.4000    0.8190  363.2190
  468.7986   97.3631  674.2522
    0.1000    2.8256    2.9256
  418.3986   -0.0603  526.4288
    0.1000    3.9770    4.0770
  443.1000    6.5200  449.6200
  361.5986   33.6037  503.2928
  504.8986    5.0781  618.0672
         0    4.2500    4.2500
  358.7000    4.0100  362.7100
  202.2986  -12.0569  298.3322
  377.3986   30.0431  515.5322
  387.3000    6.1200  393.4200
  -32.6014  101.6431  177.1322
   54.5000    0.1900   54.6900
    6.7000    3.3200   10.0200
  364.9404  -10.7398  461.2931
  440.3000    3.0100  443.3100
  358.6986   13.4031  480.1922
  119.7986   50.2331  278.1222
  170.9495   29.6995  237.5174
  322.9986   15.6065  446.6956
  375.3495  -25.8888  386.2995
  502.0988   -5.2368  604.9522
         0    3.3000    3.3000
  344.9986   39.2031  492.2922
  457.2000    3.5200  460.7200
  398.6986   26.0838  532.8729
  119.2000    5.1900  124.3900
  383.9000    5.1000  389.0000
  438.4000    3.6565  442.0565
  525.7986  -11.4009  622.4882
         0    3.0000    3.0000
   63.8000    4.8300   68.6300
  -92.6014  159.3631  174.8522
  131.1495   25.9712  193.9952
  372.3258    9.5942  382.8999
  198.9619   35.8497  429.1242
  171.4000         0  171.4000
  305.3685   39.3420  452.8422
  462.6986   -7.8269  562.9622
  374.8869   25.9259  402.2299
   16.3501   36.2167   90.0219
  187.7000    5.9500  193.6500
  198.3986   49.3131  355.8022
         0    2.6900    2.6900
    0.1000    4.3300    4.4300
  -42.4014   27.8031   93.4922
  101.7986   74.9631  284.8522
  368.7000    3.7300  372.4300
  499.7983   11.6930  619.5822
  387.1986    2.4831  497.7722
  190.0000    3.3600  193.3600
         0    3.3400    3.3400
  -92.6014  161.1131  176.6022
    0.1000    4.9700    5.0700
    0.2000    1.7200    1.9200
  159.0000    6.5300  165.5300
  452.8986   10.2631  571.2522
  362.3986   24.7731  495.2622
  468.5691  -12.2731  564.3023
   15.6000    5.4443   21.0443
         0    3.1700    3.1700
   20.5000    2.8900   23.3900
   -3.3014   31.2931  136.0822
  232.9986   10.5631  351.6522
         0    3.0130    3.0130
  137.7986   71.1331  317.0222
   32.7000    4.0500   36.7500
         0    3.6800    3.6800
  281.4000    6.5520  287.9520
   31.1000    6.1400   37.2400
  359.0986   -8.8919  458.2972
  491.9986    2.9524  603.0415
   27.5000    3.7400   31.2400
  -47.7014   94.6131  155.0022
   31.3000    5.0200   36.3200
    0.1000    2.3900    2.4900
  304.7986   18.4831  431.3722
  430.8986   20.9231  559.9122
  330.8000    5.4660  336.2660
   81.2986  109.2731  298.6622
  508.7000    3.7492  512.4492
   90.5000    4.5800   95.0800
  475.7850   -7.4383  570.5924
  298.3761   -8.8420  392.1570
    0.1000    3.8600    3.9600
  516.0779   -9.1308  614.9423
  618.2986   -2.3769  724.0122
  134.1000    7.9428  142.0428
  458.0020  -12.3710  553.7175
  385.5986   22.7631  516.4522
         0    3.4600    3.4600
   57.0000    4.4500   61.4500
  281.9986   13.3231  403.4122
  314.0000    4.1540  318.1540
    0.2000    0.9100    1.1100
  374.4000    4.5100  378.9100
  407.6000    5.1458  412.7458
    0.1000    3.4100    3.5100
         0    3.4500    3.4500
  485.8963    5.8115  499.0890
  121.2986  206.1231  435.5122
  285.8114    5.4242  399.3112
  438.4000    3.7200  442.1200
  587.1986   -5.6269  689.6622
    0.3000    2.5900    2.8900
   43.9986   -2.7569  149.3322

predicted Values:

predictedValues_test =

  275.2520   26.2540  301.5059
  483.2025   63.5328  509.8969
  275.2520   26.2540  301.5059
  275.2520   26.2540  301.5059
  367.8534   41.7908  301.5538
  367.8534   41.7908  301.5538
  275.2520   26.2540  301.5059
  275.2520   26.2540  301.5059
  275.2520   26.2540  301.5059
  367.8532   41.7908  301.5538
  275.2520   26.2540  301.5059
  275.2520   26.2540  301.5059
  275.2843   26.2554  301.5059
  275.2520   26.2540  301.5059
  367.8534   41.7908  301.5538
  275.2520   26.2540  301.5059
  367.8534   41.7908  301.5538
  275.2520   26.2540  301.5059
  275.2520   26.2540  301.5059
  367.8534   41.7908  301.5538
  367.8534   41.7908  301.5538
  275.2520   26.2540  301.5059
  275.2520   26.2540  301.5059
  367.8534   41.7908  301.5538
  367.8534   41.7908  301.5538
  275.2520   26.2540  301.5059
  367.8534   41.7908  301.5538
  275.2520   26.2540  301.5059
  275.2520   26.2540  301.5059
  367.0115   41.6338  301.5528
  275.2520   26.2540  301.5059
  367.8534   41.7908  301.5538
  367.8534   41.7908  301.5538
  483.2025   63.5328  509.8668
  367.8534   41.7908  301.5538
  483.2025   63.5328  509.8965
  367.8532   41.7908  301.5538
  275.2520   26.2540  301.5059
  367.8534   41.7908  301.5538
  275.2520   26.2540  301.5059
  367.8534   41.7908  301.5538
  275.2520   26.2540  301.5059
  275.2520   26.2540  301.5059
  275.2520   26.2540  301.5059
  367.8534   41.7908  301.5538
  275.2520   26.2540  301.5059
  275.2520   26.2540  301.5059
  367.8534   41.7908  301.5538
  483.2025   63.5328  509.8608
  276.1262   26.3597  301.5060
  434.9900   61.0543  301.7318
  275.2520   26.2540  301.5059
  367.8835   41.8020  301.5538
  367.8534   41.7908  301.5538
  276.5651   26.3580  301.5061
  483.2019   63.5328  509.2795
  275.2520   26.2540  301.5059
  367.8534   41.7908  301.5538
  275.2520   26.2540  301.5059
  275.2520   26.2540  301.5059
  367.8534   41.7908  301.5538
  367.8534   41.7908  301.5538
  275.2520   26.2540  301.5059
  367.8537   41.7909  301.5538
  367.8534   41.7908  301.5538
  275.2520   26.2540  301.5059
  275.2520   26.2540  301.5059
  367.8534   41.7908  301.5538
  275.2520   26.2540  301.5059
  275.2520   26.2540  301.5059
  275.2520   26.2540  301.5059
  367.8534   41.7908  301.5538
  367.8534   41.7908  301.5538
  367.7829   41.7771  301.5537
  275.2520   26.2540  301.5059
  275.2520   26.2540  301.5059
  275.2520   26.2540  301.5059
  367.8534   41.7908  301.5538
  367.8534   41.7908  301.5538
  275.2520   26.2540  301.5059
  367.8534   41.7908  301.5538
  275.2520   26.2540  301.5059
  275.2520   26.2540  301.5059
  275.2520   26.2540  301.5059
  275.2520   26.2540  301.5059
  367.8534   41.7908  301.5538
  367.8534   41.7908  301.5538
  275.2520   26.2540  301.5059
  367.8534   41.7908  301.5538
  275.2520   26.2540  301.5059
  275.2520   26.2540  301.5059
  367.8534   41.7908  301.5538
  367.8534   41.7908  301.5538
  275.2520   26.2540  301.5059
  367.8534   41.7908  301.5538
  275.2520   26.2540  301.5059
  275.2520   26.2540  301.5059
  362.9669   40.8273  301.5485
  363.1758   40.9960  301.5489
  275.2520   26.2540  301.5059
  367.7740   41.7748  301.5537
  367.8534   41.7908  301.5538
  275.2520   26.2540  301.5059
  367.8500   41.7902  301.5538
  367.8534   41.7908  301.5538
  275.2520   26.2540  301.5059
  275.2520   26.2540  301.5059
  367.8534   41.7908  301.5538
  275.2520   26.2540  301.5059
  275.2520   26.2540  301.5059
  275.2520   26.2540  301.5059
  275.2520   26.2540  301.5059
  275.2520   26.2540  301.5059
  275.2520   26.2540  301.5059
  281.9557   26.9325  301.5069
  367.8534   41.7908  301.5538
  367.8406   41.7888  301.5537
  275.2520   26.2540  301.5059
  367.8534   41.7908  301.5538
  275.2520   26.2540  301.5059
  367.8534   41.7908  301.5538

actual Values:

actualValues_test =

  247.4000    2.6800  250.0800
  219.2000   81.5200  300.7200
  193.5000    4.2800  197.7800
  393.5000    3.9700  397.4700
  703.7000   45.8100  749.5100
  442.1000   51.9400  494.0400
   66.2000    7.1100   73.3100
  101.5000    5.3970  106.8970
  238.3000    2.8760  241.1760
  502.6000   13.6100  516.2100
         0    3.5946    3.5946
  182.0000    5.4000  187.4000
  240.1000   50.1648  290.2648
  362.4000    0.8190  363.2190
  561.4000  112.9000  674.3000
    0.1000    2.8256    2.9256
  511.0000   15.4766  526.4766
    0.1000    3.9770    4.0770
  443.1000    6.5200  449.6200
  454.2000   49.1406  503.3406
  597.5000   20.6150  618.1150
         0    4.2500    4.2500
  358.7000    4.0100  362.7100
  294.9000    3.4800  298.3800
  470.0000   45.5800  515.5800
  387.3000    6.1200  393.4200
   60.0000  117.1800  177.1800
   54.5000    0.1900   54.6900
    6.7000    3.3200   10.0200
  456.7000    4.6400  461.3400
  440.3000    3.0100  443.3100
  451.3000   28.9400  480.2400
  212.4000   65.7700  278.1700
  378.9000   66.9783  445.8783
  415.6000   31.1434  446.7434
  583.3000   11.3900  594.6900
  594.7000   10.3000  605.0000
         0    3.3000    3.3000
  437.6000   54.7400  492.3400
  457.2000    3.5200  460.7200
  491.3000   41.6207  532.9207
  119.2000    5.1900  124.3900
  383.9000    5.1000  389.0000
  438.4000    3.6565  442.0565
  618.4000    4.1360  622.5360
         0    3.0000    3.0000
   63.8000    4.8300   68.6300
         0  174.9000  174.9000
  339.1000   63.2500  402.3500
  373.2000    9.7000  382.9000
  358.7000   70.6500  429.3500
  171.4000         0  171.4000
  398.0000   54.8900  452.8900
  555.3000    7.7100  563.0100
  376.2000   26.0300  402.2300
  224.3000   73.4955  297.7955
  187.7000    5.9500  193.6500
  291.0000   64.8500  355.8500
         0    2.6900    2.6900
    0.1000    4.3300    4.4300
   50.2000   43.3400   93.5400
  194.4000   90.5000  284.9000
  368.7000    3.7300  372.4300
  592.4000   27.2300  619.6300
  479.8000   18.0200  497.8200
  190.0000    3.3600  193.3600
         0    3.3400    3.3400
         0  176.6500  176.6500
    0.1000    4.9700    5.0700
    0.2000    1.7200    1.9200
  159.0000    6.5300  165.5300
  545.5000   25.8000  571.3000
  455.0000   40.3100  495.3100
  561.1000    3.2500  564.3500
   15.6000    5.4443   21.0443
         0    3.1700    3.1700
   20.5000    2.8900   23.3900
   89.3000   46.8300  136.1300
  325.6000   26.1000  351.7000
         0    3.0130    3.0130
  230.4000   86.6700  317.0700
   32.7000    4.0500   36.7500
         0    3.6800    3.6800
  281.4000    6.5520  287.9520
   31.1000    6.1400   37.2400
  451.7000    6.6450  458.3450
  584.6000   18.4893  603.0893
   27.5000    3.7400   31.2400
   44.9000  110.1500  155.0500
   31.3000    5.0200   36.3200
    0.1000    2.3900    2.4900
  397.4000   34.0200  431.4200
  523.5000   36.4600  559.9600
  330.8000    5.4660  336.2660
  173.9000  124.8100  298.7100
  508.7000    3.7492  512.4492
   90.5000    4.5800   95.0800
  563.5000    7.1350  570.6350
  386.3000    5.9000  392.2000
    0.1000    3.8600    3.9600
  608.6000    6.3900  614.9900
  710.9000   13.1600  724.0600
  134.1000    7.9428  142.0428
  550.6000    3.1653  553.7653
  478.2000   38.3000  516.5000
         0    3.4600    3.4600
   57.0000    4.4500   61.4500
  374.6000   28.8600  403.4600
  314.0000    4.1540  318.1540
    0.2000    0.9100    1.1100
  374.4000    4.5100  378.9100
  407.6000    5.1458  412.7458
    0.1000    3.4100    3.5100
         0    3.4500    3.4500
  492.6000    6.4900  499.0900
  213.9000  221.6600  435.5600
  378.4000   20.9590  399.3590
  438.4000    3.7200  442.1200
  679.8000    9.9100  689.7100
    0.3000    2.5900    2.8900
  136.6000   12.7800  149.3800

Error metrics output 1 (Heatpump) Trainindata:
mae (mean absolute error)0.771291
mse (mean squared error)0.833089
rmse (root mean squared error)0.912737
mare (mean absolute relative error)1.233099
msre (mean squared relative error)4.850486
rmsre (root mean squared relative error)2.202382
mape (mean absolute percentage error)123.309905
mspe (mean squared percentage error)48504.857530
rmspe (root mean squared percentage error)220.238184
Error metrics output 2(Gas) Trainindata:
mae (mean absolute error)0.710331
mse (mean squared error)0.799337
rmse (root mean squared error)0.894057
mare (mean absolute relative error)3.758923
msre (mean squared relative error)1275.739024
rmsre (root mean squared relative error)35.717489
mape (mean absolute percentage error)375.892336
mspe (mean squared percentage error)12757390.239626
rmspe (root mean squared percentage error)3571.748905
Error metrics output 3(combined) Trainindata:
mae (mean absolute error)0.809150
mse (mean squared error)0.935919
rmse (root mean squared error)0.967429
mare (mean absolute relative error)0.984975
msre (mean squared relative error)0.982766
rmsre (root mean squared relative error)0.991345
mape (mean absolute percentage error)98.497462
mspe (mean squared percentage error)9827.658382
rmspe (root mean squared percentage error)99.134547
absolute Errors:

Errors_train =

   1.0e+03 *

         0    0.0031    0.0031
    0.4740   -0.0068    0.5753
    0.3273    0.0032    0.3305
    0.4705    0.0124    0.5910
    0.2442    0.0015    0.2457
    0.4532    0.0045    0.4577
    0.3983    0.0048    0.4031
    0.5041    0.0004    0.6126
    0.0177    0.0805    0.2063
    0.0178    0.0140    0.0318
    0.4959   -0.0052    0.5988
    0.2072    0.0033    0.2105
    0.2739    0.0307    0.4127
    0.1122    0.0053    0.1175
    0.3330    0.0318    0.4729
    0.0200    0.0038    0.0238
    0.4187    0.0288    0.5556
    0.3658    0.0043    0.3701
    0.0920    0.0052    0.0972
    0.2150    0.0037    0.2187
    0.5327   -0.0117    0.7492
    0.3032    0.0150    0.4263
    0.2395    0.0492    0.3967
    0.0001    0.0041    0.0042
    0.0220    0.0412    0.0632
    0.0900    0.0042    0.0942
    0.1909    0.0033    0.1942
    0.2957   -0.0118    0.3860
    0.4584    0.0158    0.5823
    0.1080    0.0735    0.2896
   -0.0851    0.0328    0.0558
    0.0432    0.0825    0.2338
    0.3612    0.0065    0.3677
    0.0908    0.0913    0.2902
    0.1071    0.0615    0.2767
    0.5386   -0.0033    0.6433
    0.0004    0.0030    0.0034
    0.3136    0.0034    0.3170
    0.3951    0.0036    0.5068
    0.2139    0.0035    0.2174
    0.2136    0.0034    0.2170
    0.1406    0.0038    0.1444
    0.0562    0.0043    0.0605
    0.0831    0.0532    0.2444
    0.5627   -0.0132    0.6576
    0.4556    0.0067    0.4623
         0    0.0079    0.0079
    0.2883    0.0030    0.2913
    0.1200    0.0878    0.3159
   -0.0926    0.1515    0.1669
    0.3776    0.0115    0.3891
         0    0.0073    0.0073
    0.2653    0.0066    0.2719
    0.3676    0.0081    0.3757
         0    0.0036    0.0036
    0.4592    0.0121    0.5794
    0.3995    0.0073    0.5149
         0    0.0034    0.0034
    0.4435    0.0149    0.5665
    0.4888   -0.0104    0.5865
    0.2651    0.0313    0.4045
    0.0951    0.0081    0.1032
    0.3944    0.0165    0.5190
    0.2884    0.0350    0.4315
    0.4269    0.0200    0.4469
    0.9132   -0.0155    1.0058
    0.3968    0.0078    0.4058
    0.3872    0.0137    0.5090
    0.2029    0.0607    0.3716
    0.0936    0.0074    0.1010
    0.4425   -0.0072    0.5434
    0.3735    0.0045    0.3780
    0.5371   -0.0067    0.6385
    0.2425    0.0058    0.2483
    0.2004    0.0039    0.2043
    0.1919    0.0033    0.1952
    0.3719    0.0038    0.3757
    0.1190    0.0674    0.2945
    0.1990    0.0031    0.2021
         0    0.0086    0.0086
    0.4182   -0.0093    0.5170
         0    0.0041    0.0041
    0.1261    0.0045    0.1306
    0.0794    0.0009    0.0803
    0.0596    0.0883    0.2560
    0.0061    0.0043    0.0104
    0.0001    0.0033    0.0034
         0    0.0048    0.0048
    0.2588    0.0043    0.2631
   -0.0725    0.1204    0.1560
    0.5042    0.0050    0.6173
    0.0047    0.0060    0.0107
    0.4296   -0.0021    0.4783
    0.3329   -0.0162    0.5502
    0.3165    0.0493    0.4739
    0.4224    0.0224    0.5529
    0.2869    0.0038    0.2907
    0.2861   -0.0060    0.3170
    0.7313    0.0064    0.8458
    0.1312    0.0031    0.1343
    0.1580    0.0042    0.1622
    0.0051    0.0119    0.0170
    0.1977    0.0041    0.2018
    0.2071    0.0344    0.3496
    0.2250    0.0031    0.2281
    0.0171    0.0027    0.0198
    0.0753    0.0057    0.0810
    0.0343    0.2518    0.3942
    0.0441    0.0035    0.0476
    0.1134    0.0032    0.1166
    0.6977    0.0103    0.7080
    0.4323   -0.0093    0.5103
    0.2195    0.0507    0.3783
    0.3313    0.0104    0.3417
    0.2741    0.0029    0.2770
    0.3081    0.0314    0.4476
    0.4215    0.0179    0.4416
    0.2437    0.0039    0.2476
    0.4364   -0.0091    0.5354
    0.1864    0.0103    0.1967
    0.0872    0.0336    0.2288
    0.1716    0.0571    0.3368
    0.3774    0.0038    0.3812
    0.1772    0.0081    0.1853
    0.2915    0.0050    0.3333
    0.3562    0.0099    0.4742
    0.3346    0.0266    0.4693
    0.2851    0.0107    0.5322
    0.1244    0.0035    0.1279
    0.0001    0.0033    0.0034
    0.2326    0.0033    0.2359
    0.3965   -0.0129    0.4917
    0.4553    0.0031    0.5665
    0.5245   -0.0104    0.6222
    0.0030    0.0054    0.0084
    0.0044    0.0049    0.0093
    0.2293    0.0522    0.3896
    0.3981    0.0182    0.5244
    0.0356    0.0912    0.2349
    0.1737    0.0505    0.3323
    0.3294    0.0027    0.3321
    0.0030    0.0076    0.0106
    0.0818    0.0663    0.2562
    0.2919    0.0028    0.2947
    0.0839    0.0040    0.0879
    0.0005    0.0041    0.0046
   -0.0845    0.0689    0.0925
    0.5263    0.0110    0.5373
    0.4545    0.0577    0.6203
         0    0.0036    0.0036
    0.0772    0.0740    0.2593
    0.4976    0.0055    0.6112
    0.2358    0.0048    0.2406
    0.2618    0.0270    0.3969
    0.0690    0.0047    0.0737
    0.5813    0.0039    0.5890
    0.1779    0.0328    0.3188
    0.0141    0.0032    0.0173
    0.2221    0.0555    0.3857
    0.5083   -0.0053    0.6111
    0.3813   -0.0041    0.4853
    0.2806    0.0034    0.2840
    0.1773    0.0097    0.1870
    0.0125    0.0790    0.1996
    0.2907    0.0021    0.2928
    0.3657    0.0047    0.3704
    0.1196    0.0639    0.2992
    0.3041    0.0114    0.4236
   -0.0430    0.1307    0.1958
    0.2954    0.0043    0.2997
    0.2756    0.0087    0.2843
   -0.0066    0.0885    0.1900
    0.2029    0.0502    0.3612
    0.3637   -0.0101    0.4438
    0.3337    0.0293    0.4711
   -0.0344    0.0920    0.1657
    0.0201    0.0034    0.0235
    0.1122    0.0053    0.1175
    0.5893    0.0001    0.6975
    0.2175    0.0046    0.2221
    0.6036    0.0108    0.6144
    0.3071    0.0387    0.4539
    0.4048   -0.0106    0.5022
   -0.0553    0.0985    0.1512
    0.1954    0.0623    0.3658
         0    0.0010    0.0010
    0.0002    0.0067    0.0069
         0    0.0031    0.0031
    0.3066    0.0052    0.3118
    0.0001    0.0010    0.0011
    0.3768    0.0059    0.4908
    0.4757    0.0060    0.4817
    0.2500    0.0224    0.2724
    0.1299    0.0125    0.1424
         0    0.0019    0.0019
         0    0.0046    0.0046
    0.3471    0.0092    0.3563
    0.1478    0.0575    0.3134
    0.0619    0.0536    0.2236
   -0.0508    0.1016    0.1588
    0.3988    0.0032    0.4020
    0.0792    0.0038    0.0830
    0.1264    0.0848    0.3193
   -0.0415    0.1157    0.1823
    0.3540    0.0178    0.3718
    0.5108   -0.0040    0.5707
    0.2389    0.0418    0.3887
    0.4250   -0.0303    0.4317
    0.0870    0.0036    0.0906
    0.1154    0.0028    0.1182
    0.0008    0.0042    0.0050
    0.0001    0.0052    0.0053
    0.1406    0.0126    0.1532
    0.3105    0.0050    0.3155
    0.2139    0.0037    0.2176
    0.1333    0.0039    0.1372
    0.1498    0.0051    0.1549
    0.3367    0.0039    0.4487
         0    0.0024    0.0024
    0.4630    0.0036    0.5747
    0.4406    0.0062    0.4468
    0.4001    0.0083    0.5165
    0.3040    0.0469    0.4590
    0.0593    0.0634    0.2308
   -0.0755    0.1127    0.1453
    0.3631    0.0042    0.3673
    0.5179    0.0037    0.6297
    0.1889    0.0686    0.3656
    0.0106    0.0055    0.0161
    0.4424    0.0107    0.5612
    0.0007    0.0040    0.0047
    0.1902    0.0342    0.3319
         0    0.0035    0.0035
    0.3772    0.0201    0.3973
    0.3135    0.0052    0.3187
    0.4411   -0.0100    0.5345
         0    0.0029    0.0029
    0.2533    0.0559    0.4173
         0    0.0041    0.0041
    0.3778   -0.0119    0.4735
    0.2759    0.0292    0.4132
    0.5102    0.0042    0.5144
    0.0347    0.0950    0.2378
    0.0001    0.0082    0.0083
    0.2989    0.0039    0.3028
    0.3637    0.0037    0.3674
    0.2962    0.0053    0.3015
    0.2638    0.0052    0.2690
    0.2347    0.0182    0.2898
    0.1182    0.0044    0.1226
    0.1199    0.0706    0.2986
    0.0435    0.0824    0.2340
    0.4335    0.0146    0.5562
    0.4442    0.0148    0.5671
    0.4900    0.0086    0.6067
    0.3044   -0.0022    0.3392
         0    0.0027    0.0027
    0.3837    0.0057    0.3894
   -0.0222    0.0908    0.1767
    0.0647    0.0026    0.0673
    0.3914    0.0012    0.5007
    0.4323    0.0131    0.5535
    0.0079    0.0034    0.0113
    0.1796    0.0082    0.1878
    0.3516    0.0181    0.4778
    0.5487   -0.0008    0.6560
    0.5447    0.0068    0.6596
    0.3491    0.0042    0.3533
    0.1438    0.0054    0.1492
    0.1388    0.0017    0.1405
    0.2398    0.0046    0.2444
    0.2142    0.0033    0.2175
    0.3893    0.0321    0.5295
    0.0077    0.0989    0.2147
         0    0.0035    0.0035
    0.3902    0.0086    0.5069
    0.3859    0.0030    0.3889
    0.1894    0.0029    0.1923
    0.0334    0.0034    0.0368
    0.4185    0.0031    0.4216
    0.0403    0.0028    0.0431

predicted Values:

predictedValues_train =

  275.2520   26.2540  301.5059
  367.8049   41.7812  301.5537
  275.2520   26.2540  301.5059
  367.8534   41.7908  301.5538
  275.2520   26.2540  301.5059
  275.2520   26.2540  301.5059
  275.2521   26.2540  301.5059
  367.8534   41.7908  301.5538
  367.8534   41.7908  301.5538
  275.2520   26.2540  301.5059
  367.8410   41.7883  301.5537
  275.2520   26.2540  301.5059
  367.8534   41.7908  301.5538
  275.2520   26.2540  301.5059
  367.8534   41.7908  301.5538
  275.2520   26.2540  301.5059
  367.8534   41.7908  301.5538
  275.2520   26.2540  301.5059
  275.2520   26.2540  301.5059
  275.2520   26.2540  301.5059
  467.2833   63.3578  302.4333
  367.8534   41.7908  301.5538
  367.8534   41.7908  301.5538
  275.2520   26.2540  301.5059
  275.2520   26.2540  301.5059
  275.2520   26.2540  301.5059
  275.2520   26.2540  301.5059
  362.8120   40.7999  301.5485
  367.8534   41.7908  301.5538
  367.8534   41.7908  301.5538
  367.8534   41.7908  301.5538
  367.8534   41.7908  301.5538
  275.2520   26.2540  301.5059
  367.8534   41.7908  301.5538
  367.8534   41.7908  301.5538
  367.8534   41.7908  301.5538
  275.2520   26.2540  301.5059
  275.2520   26.2540  301.5059
  367.8534   41.7908  301.5538
  275.2520   26.2540  301.5059
  275.2520   26.2540  301.5059
  275.2520   26.2540  301.5059
  275.2520   26.2540  301.5059
  367.8534   41.7908  301.5538
  367.8398   41.7881  301.5537
  275.2520   26.2540  301.5059
  275.2520   26.2540  301.5059
  275.2520   26.2540  301.5059
  367.8534   41.7908  301.5538
  367.8534   41.7908  301.5538
  275.2520   26.2540  301.5059
  275.2520   26.2540  301.5059
  275.2520   26.2540  301.5059
  275.2520   26.2540  301.5059
  275.2520   26.2540  301.5059
  367.8534   41.7908  301.5538
  367.8534   41.7908  301.5538
  275.2520   26.2540  301.5059
  367.8534   41.7908  301.5538
  367.8534   41.7908  301.5538
  367.8534   41.7908  301.5538
  275.2520   26.2540  301.5059
  367.8534   41.7908  301.5538
  367.8534   41.7908  301.5538
  275.2520   26.2540  301.5059
  367.8530   41.7907  301.5538
  276.3753   26.3814  301.5061
  367.8534   41.7908  301.5538
  367.8534   41.7908  301.5538
  275.2520   26.2540  301.5059
  367.8534   41.7908  301.5538
  275.2520   26.2540  301.5059
  367.8534   41.7908  301.5538
  275.2520   26.2540  301.5059
  275.2520   26.2540  301.5059
  275.2520   26.2540  301.5059
  275.2520   26.2540  301.5059
  367.8534   41.7908  301.5538
  275.2520   26.2540  301.5059
  275.2520   26.2540  301.5059
  367.8518   41.7905  301.5538
  275.2520   26.2540  301.5059
  275.2520   26.2540  301.5059
  275.2520   26.2540  301.5059
  367.8534   41.7908  301.5538
  275.2520   26.2540  301.5059
  275.2520   26.2540  301.5059
  275.2520   26.2540  301.5059
  275.2520   26.2540  301.5059
  367.8534   41.7908  301.5538
  367.8534   41.7908  301.5538
  275.2520   26.2540  301.5059
  319.6642   32.6264  301.5192
  481.2885   63.5310  311.2767
  367.8534   41.7908  301.5538
  367.8534   41.7908  301.5538
  275.2520   26.2540  301.5059
  483.2025   63.5328  509.8972
  367.8380   41.7883  301.5537
  275.2520   26.2540  301.5059
  275.2520   26.2540  301.5059
  275.2520   26.2540  301.5059
  275.2520   26.2540  301.5059
  367.8533   41.7908  301.5538
  275.2520   26.2540  301.5059
  275.2520   26.2540  301.5059
  275.2520   26.2540  301.5059
  367.8534   41.7908  301.5538
  275.2520   26.2540  301.5059
  275.2520   26.2540  301.5059
  275.2520   26.2540  301.5059
  350.2336   38.5590  301.5375
  367.8546   41.7913  301.5538
  275.2520   26.2540  301.5059
  275.2520   26.2540  301.5059
  367.8534   41.7908  301.5538
  277.2847   26.4250  301.5062
  275.2520   26.2540  301.5059
  367.8396   41.7884  301.5537
  275.2520   26.2540  301.5059
  367.8534   41.7908  301.5538
  367.8534   41.7908  301.5538
  275.2520   26.2540  301.5059
  275.2520   26.2540  301.5059
  483.2025   63.5328  509.8972
  367.8534   41.7908  301.5538
  367.8534   41.7908  301.5538
  477.2931   63.5131  304.3830
  275.2520   26.2540  301.5059
  275.2520   26.2540  301.5059
  275.2520   26.2540  301.5059
  367.8032   41.7809  301.5537
  367.8499   41.7901  301.5538
  367.8523   41.7906  301.5538
  275.2520   26.2540  301.5059
  275.2520   26.2540  301.5059
  367.8534   41.7908  301.5538
  367.8534   41.7908  301.5538
  367.8537   41.7909  301.5538
  367.8534   41.7908  301.5538
  275.2520   26.2540  301.5059
  275.2520   26.2540  301.5059
  367.8534   41.7908  301.5538
  275.2520   26.2540  301.5059
  275.2520   26.2540  301.5059
  275.2520   26.2540  301.5059
  367.8534   41.7908  301.5538
  275.2520   26.2540  301.5059
  367.8534   41.7908  301.5538
  275.2520   26.2540  301.5059
  367.8534   41.7908  301.5538
  367.8534   41.7908  301.5538
  275.2520   26.2540  301.5059
  367.8532   41.7908  301.5538
  275.2520   26.2540  301.5059
  278.7040   26.5702  301.5064
  367.8534   41.7908  301.5538
  275.2520   26.2540  301.5059
  367.8534   41.7908  301.5538
  367.8531   41.7908  301.5538
  367.8534   41.7908  301.5538
  275.2520   26.2540  301.5059
  275.2520   26.2540  301.5059
  367.8534   41.7908  301.5538
  275.2520   26.2540  301.5059
  275.2520   26.2540  301.5059
  373.3279   43.8393  301.5596
  367.8534   41.7908  301.5538
  367.8534   41.7908  301.5538
  275.2520   26.2540  301.5059
  275.2520   26.2540  301.5059
  367.8534   41.7908  301.5538
  367.8534   41.7908  301.5538
  352.6179   39.1506  301.5395
  367.8534   41.7908  301.5538
  367.8534   41.7908  301.5538
  275.2520   26.2540  301.5059
  275.2520   26.2540  301.5059
  367.8534   41.7908  301.5538
  275.2520   26.2540  301.5059
  275.2520   26.2540  301.5059
  367.8544   41.7912  301.5538
  367.7668   41.7733  301.5537
  367.8534   41.7908  301.5538
  367.8534   41.7908  301.5538
  275.2520   26.2540  301.5059
  275.2520   26.2540  301.5059
  275.2520   26.2540  301.5059
  275.2520   26.2540  301.5059
  275.2520   26.2540  301.5059
  367.8532   41.7908  301.5538
  275.2520   26.2540  301.5059
  275.2520   26.2540  301.5059
  275.2520   26.2540  301.5059
  275.2520   26.2540  301.5059
  275.2520   26.2540  301.5059
  275.2520   26.2540  301.5059
  367.8534   41.7908  301.5538
  367.8534   41.7908  301.5538
  367.8534   41.7908  301.5538
  275.2520   26.2540  301.5059
  275.2520   26.2540  301.5059
  367.8534   41.7908  301.5538
  367.8534   41.7908  301.5538
  275.2520   26.2540  301.5059
  330.6061   34.7059  301.5242
  367.8534   41.7908  301.5538
  483.2024   63.5328  509.7554
  275.2520   26.2540  301.5059
  275.2520   26.2540  301.5059
  275.2520   26.2540  301.5059
  275.2520   26.2540  301.5059
  275.2520   26.2540  301.5059
  275.2520   26.2540  301.5059
  275.2520   26.2540  301.5059
  275.2520   26.2540  301.5059
  275.2520   26.2540  301.5059
  367.8534   41.7908  301.5538
  275.2520   26.2540  301.5059
  367.8534   41.7908  301.5538
  275.2520   26.2540  301.5059
  367.8534   41.7908  301.5538
  367.8534   41.7908  301.5538
  367.8534   41.7908  301.5538
  367.8534   41.7908  301.5538
  275.2520   26.2540  301.5059
  367.8534   41.7908  301.5538
  367.9012   41.8085  301.5538
  275.2520   26.2540  301.5059
  367.8534   41.7908  301.5538
  275.2520   26.2540  301.5059
  367.3676   41.6927  301.5532
  275.2520   26.2540  301.5059
  275.2520   26.2540  301.5059
  275.2520   26.2540  301.5059
  363.8437   41.0384  301.5495
  275.2520   26.2540  301.5059
  367.8534   41.7908  301.5538
  275.2520   26.2540  301.5059
  367.4591   41.7244  301.5533
  367.8534   41.7908  301.5538
  275.2520   26.2540  301.5059
  367.8534   41.7908  301.5538
  275.2520   26.2540  301.5059
  275.2520   26.2540  301.5059
  275.2520   26.2540  301.5059
  275.2520   26.2540  301.5059
  275.2520   26.2540  301.5059
  483.2025   63.5328  509.8972
  275.2520   26.2540  301.5059
  367.8535   41.7908  301.5538
  367.8534   41.7908  301.5538
  367.8534   41.7908  301.5538
  367.8675   41.7960  301.5538
  367.8534   41.7908  301.5538
  483.2024   63.5328  509.8458
  275.2520   26.2540  301.5059
  275.2531   26.2540  301.5059
  367.8534   41.7908  301.5538
  275.2520   26.2540  301.5059
  367.8534   41.7908  301.5538
  367.8534   41.7908  301.5538
  275.2520   26.2540  301.5059
  275.2520   26.2540  301.5059
  367.8534   41.7908  301.5538
  367.8534   41.7908  301.5538
  367.8534   41.7908  301.5538
  275.2520   26.2540  301.5059
  275.2520   26.2540  301.5059
  275.2520   26.2540  301.5059
  275.2520   26.2540  301.5059
  275.2520   26.2540  301.5059
  367.8534   41.7908  301.5538
  367.8534   41.7908  301.5538
  275.2520   26.2540  301.5059
  367.8534   41.7908  301.5538
  275.2520   26.2540  301.5059
  275.2520   26.2540  301.5059
  275.2520   26.2540  301.5059
  275.2520   26.2540  301.5059
  275.2520   26.2540  301.5059

actual Values:

actualValues_train =

   1.0e+03 *

         0    0.0031    0.0031
    0.5666    0.0088    0.5754
    0.3273    0.0032    0.3305
    0.5631    0.0279    0.5910
    0.2442    0.0015    0.2457
    0.4532    0.0045    0.4577
    0.3983    0.0048    0.4031
    0.5967    0.0160    0.6127
    0.1103    0.0960    0.2063
    0.0178    0.0140    0.0318
    0.5885    0.0104    0.5989
    0.2072    0.0033    0.2105
    0.3665    0.0462    0.4127
    0.1122    0.0053    0.1175
    0.4256    0.0474    0.4730
    0.0200    0.0038    0.0238
    0.5113    0.0443    0.5556
    0.3658    0.0043    0.3701
    0.0920    0.0052    0.0972
    0.2150    0.0037    0.2187
    0.7247    0.0254    0.7501
    0.3958    0.0306    0.4264
    0.3321    0.0647    0.3968
    0.0001    0.0041    0.0042
    0.0220    0.0412    0.0632
    0.0900    0.0042    0.0942
    0.1909    0.0033    0.1942
    0.3833    0.0027    0.3860
    0.5510    0.0313    0.5823
    0.2006    0.0890    0.2896
    0.0075    0.0483    0.0558
    0.1358    0.0980    0.2338
    0.3612    0.0065    0.3677
    0.1834    0.1069    0.2903
    0.1997    0.0771    0.2768
    0.6312    0.0122    0.6434
    0.0004    0.0030    0.0034
    0.3136    0.0034    0.3170
    0.4877    0.0192    0.5069
    0.2139    0.0035    0.2174
    0.2136    0.0034    0.2170
    0.1406    0.0038    0.1444
    0.0562    0.0043    0.0605
    0.1757    0.0688    0.2445
    0.6553    0.0024    0.6577
    0.4556    0.0067    0.4623
         0    0.0079    0.0079
    0.2883    0.0030    0.2913
    0.2126    0.1033    0.3159
         0    0.1670    0.1670
    0.3776    0.0115    0.3891
         0    0.0073    0.0073
    0.2653    0.0066    0.2719
    0.3676    0.0081    0.3757
         0    0.0036    0.0036
    0.5518    0.0276    0.5794
    0.4921    0.0228    0.5149
         0    0.0034    0.0034
    0.5361    0.0305    0.5666
    0.5814    0.0052    0.5865
    0.3577    0.0468    0.4045
    0.0951    0.0081    0.1032
    0.4870    0.0320    0.5190
    0.3810    0.0505    0.4315
    0.4269    0.0200    0.4469
    1.0058         0    1.0058
    0.3979    0.0079    0.4058
    0.4798    0.0292    0.5090
    0.2955    0.0762    0.3717
    0.0936    0.0074    0.1010
    0.5351    0.0083    0.5434
    0.3735    0.0045    0.3780
    0.6297    0.0088    0.6385
    0.2425    0.0058    0.2483
    0.2004    0.0039    0.2043
    0.1919    0.0033    0.1952
    0.3719    0.0038    0.3757
    0.2116    0.0829    0.2946
    0.1990    0.0031    0.2021
         0    0.0086    0.0086
    0.5108    0.0063    0.5171
         0    0.0041    0.0041
    0.1261    0.0045    0.1306
    0.0794    0.0009    0.0803
    0.1522    0.1038    0.2560
    0.0061    0.0043    0.0104
    0.0001    0.0033    0.0034
         0    0.0048    0.0048
    0.2588    0.0043    0.2631
    0.0201    0.1360    0.1561
    0.5968    0.0205    0.6173
    0.0047    0.0060    0.0107
    0.4740    0.0043    0.4783
    0.5389    0.0211    0.5600
    0.4091    0.0648    0.4739
    0.5150    0.0380    0.5530
    0.2869    0.0038    0.2907
    0.4941    0.0313    0.5254
    0.8239    0.0219    0.8458
    0.1312    0.0031    0.1343
    0.1580    0.0042    0.1622
    0.0051    0.0119    0.0170
    0.1977    0.0041    0.2018
    0.2997    0.0499    0.3496
    0.2250    0.0031    0.2281
    0.0171    0.0027    0.0198
    0.0753    0.0057    0.0810
    0.1269    0.2673    0.3942
    0.0441    0.0035    0.0476
    0.1134    0.0032    0.1166
    0.6977    0.0103    0.7080
    0.5073    0.0030    0.5103
    0.3121    0.0662    0.3783
    0.3313    0.0104    0.3417
    0.2741    0.0029    0.2770
    0.4007    0.0469    0.4476
    0.4235    0.0181    0.4416
    0.2437    0.0039    0.2476
    0.5290    0.0064    0.5354
    0.1864    0.0103    0.1967
    0.1798    0.0491    0.2289
    0.2642    0.0726    0.3368
    0.3774    0.0038    0.3812
    0.1772    0.0081    0.1853
    0.4995    0.0422    0.5417
    0.4488    0.0255    0.4743
    0.4272    0.0421    0.4693
    0.4871    0.0480    0.5351
    0.1244    0.0035    0.1279
    0.0001    0.0033    0.0034
    0.2326    0.0033    0.2359
    0.4891    0.0026    0.4917
    0.5479    0.0187    0.5666
    0.6171    0.0052    0.6223
    0.0030    0.0054    0.0084
    0.0044    0.0049    0.0093
    0.3219    0.0678    0.3897
    0.4907    0.0338    0.5245
    0.1282    0.1067    0.2349
    0.2663    0.0660    0.3323
    0.3294    0.0027    0.3321
    0.0030    0.0076    0.0106
    0.1744    0.0818    0.2562
    0.2919    0.0028    0.2947
    0.0839    0.0040    0.0879
    0.0005    0.0041    0.0046
    0.0081    0.0844    0.0925
    0.5263    0.0110    0.5373
    0.5471    0.0732    0.6203
         0    0.0036    0.0036
    0.1698    0.0895    0.2593
    0.5902    0.0210    0.6112
    0.2358    0.0048    0.2406
    0.3544    0.0426    0.3970
    0.0690    0.0047    0.0737
    0.5848    0.0042    0.5890
    0.2705    0.0484    0.3189
    0.0141    0.0032    0.0173
    0.3147    0.0711    0.3858
    0.6009    0.0102    0.6111
    0.4739    0.0114    0.4853
    0.2806    0.0034    0.2840
    0.1773    0.0097    0.1870
    0.1051    0.0945    0.1996
    0.2907    0.0021    0.2928
    0.3657    0.0047    0.3704
    0.2177    0.0815    0.2992
    0.3967    0.0269    0.4236
    0.0496    0.1462    0.1958
    0.2954    0.0043    0.2997
    0.2756    0.0087    0.2843
    0.0860    0.1040    0.1900
    0.2955    0.0657    0.3612
    0.4411    0.0028    0.4439
    0.4263    0.0449    0.4712
    0.0582    0.1076    0.1658
    0.0201    0.0034    0.0235
    0.1122    0.0053    0.1175
    0.6819    0.0156    0.6975
    0.2175    0.0046    0.2221
    0.6036    0.0109    0.6145
    0.3997    0.0543    0.4540
    0.4973    0.0049    0.5022
    0.0373    0.1140    0.1513
    0.2880    0.0778    0.3658
         0    0.0010    0.0010
    0.0002    0.0067    0.0069
         0    0.0031    0.0031
    0.3066    0.0052    0.3118
    0.0001    0.0010    0.0011
    0.4694    0.0214    0.4908
    0.4757    0.0060    0.4817
    0.2500    0.0224    0.2724
    0.1299    0.0125    0.1424
         0    0.0019    0.0019
         0    0.0046    0.0046
    0.3471    0.0092    0.3563
    0.2404    0.0731    0.3135
    0.1545    0.0691    0.2236
    0.0418    0.1171    0.1589
    0.3988    0.0032    0.4020
    0.0792    0.0038    0.0830
    0.2190    0.1004    0.3194
    0.0511    0.1313    0.1824
    0.3540    0.0178    0.3718
    0.5662    0.0045    0.5707
    0.3315    0.0573    0.3888
    0.6330    0.0069    0.6399
    0.0870    0.0036    0.0906
    0.1154    0.0028    0.1182
    0.0008    0.0042    0.0050
    0.0001    0.0052    0.0053
    0.1406    0.0126    0.1532
    0.3105    0.0050    0.3155
    0.2139    0.0037    0.2176
    0.1333    0.0039    0.1372
    0.1498    0.0051    0.1549
    0.4293    0.0194    0.4487
         0    0.0024    0.0024
    0.5556    0.0192    0.5748
    0.4406    0.0062    0.4468
    0.4927    0.0239    0.5166
    0.3966    0.0624    0.4590
    0.1519    0.0790    0.2309
    0.0171    0.1282    0.1453
    0.3631    0.0042    0.3673
    0.6105    0.0192    0.6297
    0.2815    0.0841    0.3656
    0.0106    0.0055    0.0161
    0.5350    0.0263    0.5613
    0.0007    0.0040    0.0047
    0.2823    0.0496    0.3319
         0    0.0035    0.0035
    0.3772    0.0201    0.3973
    0.3135    0.0052    0.3187
    0.5297    0.0048    0.5345
         0    0.0029    0.0029
    0.3459    0.0714    0.4173
         0    0.0041    0.0041
    0.4700    0.0036    0.4736
    0.3685    0.0448    0.4133
    0.5102    0.0042    0.5144
    0.1273    0.1105    0.2378
    0.0001    0.0082    0.0083
    0.2989    0.0039    0.3028
    0.3637    0.0037    0.3674
    0.2962    0.0053    0.3015
    0.2638    0.0052    0.2690
    0.4427    0.0555    0.4982
    0.1182    0.0044    0.1226
    0.2125    0.0861    0.2986
    0.1361    0.0979    0.2340
    0.5261    0.0301    0.5562
    0.5368    0.0304    0.5672
    0.5826    0.0241    0.6067
    0.5124    0.0351    0.5475
         0    0.0027    0.0027
    0.3837    0.0057    0.3894
    0.0704    0.1063    0.1767
    0.0647    0.0026    0.0673
    0.4840    0.0168    0.5008
    0.5249    0.0287    0.5536
    0.0079    0.0034    0.0113
    0.1796    0.0082    0.1878
    0.4442    0.0337    0.4779
    0.6413    0.0147    0.6560
    0.6373    0.0224    0.6597
    0.3491    0.0042    0.3533
    0.1438    0.0054    0.1492
    0.1388    0.0017    0.1405
    0.2398    0.0046    0.2444
    0.2142    0.0033    0.2175
    0.4819    0.0477    0.5296
    0.1003    0.1144    0.2147
         0    0.0035    0.0035
    0.4828    0.0241    0.5069
    0.3859    0.0030    0.3889
    0.1894    0.0029    0.1923
    0.0334    0.0034    0.0368
    0.4185    0.0031    0.4216
    0.0403    0.0028    0.0431


 finished
>> 