>> [error_metrics_test,e_test,y_pred_test]=run_model(x_test,y_test,sigma,mu,net)

y_pred =

  Columns 1 through 15

    0.1688   -0.1144   -0.1253    0.8275    1.6512    0.2948   -1.1450   -0.3337   -0.3416    1.2929   -0.9478   -0.9154   -0.3831   -0.2671    0.6629
   -0.6232    1.1643   -0.5734   -0.6432   -0.1936    0.8923   -0.5878   -0.7302   -0.5379   -0.4025   -0.5754   -0.5870    0.7015   -0.6498   -0.0017
    0.0569    0.0942   -0.2271    0.7099    1.6111    0.4534   -1.2459   -0.4628   -0.4364    1.2166   -1.0473   -1.0169   -0.2562   -0.3822    0.6605

  Columns 16 through 30

   -1.2907    1.9122   -1.0245    0.5863    1.1480    1.2378   -1.2393    0.2330   -2.9332    0.4187    1.3714   -0.8896   -0.5915   -1.1789    1.0677
   -0.4929   -0.3517   -0.4268   -0.4466    0.3051   -0.0260   -0.5579   -0.6240   -0.1096    0.5911   -0.5608    2.0708   -0.5706   -0.5620   -0.4308
   -1.3741    1.8428   -1.0969    0.5045    1.1984    1.2292   -1.3346    0.1208   -2.9410    0.5231    1.2664   -0.5165   -0.6913   -1.2751    0.9871

  Columns 31 through 45

    0.7821    1.2937    0.1367    0.9258    0.3126    1.0219    1.7776   -1.4065    1.2934    0.7715    0.4961   -0.8806    0.5132    0.3358    1.3235
   -0.6130    0.2447    1.1085    0.5580    0.6940    0.0916   -0.3813   -0.5693    0.2605   -0.5466    0.5439   -0.5468   -0.6290   -0.6058   -0.0615
    0.6699    1.3331    0.3344    1.0226    0.4357    1.0350    1.7037   -1.5033    1.3358    0.6712    0.5920   -0.9751    0.3991    0.2266    1.3081

  Columns 46 through 60

   -0.8722   -0.8612   -0.9620    0.7031    0.7834    0.2074   -0.2067    0.2538    1.9060    0.9021   -0.0019   -0.7679    0.4164   -1.2315   -1.3418
   -0.4918   -0.6297    5.8189    0.9461   -0.6047    1.2559   -0.6610    1.1423   -0.2792    0.1628    1.3669   -0.6096    0.7035   -0.4471   -0.5644
   -0.9568   -0.9706    0.0782    0.8699    0.6726    0.4310   -0.3241    0.4574    1.8495    0.9282    0.2422   -0.8741    0.5409   -1.3067   -1.4378

  Columns 61 through 75

   -4.2057   -0.3038   -0.1180    1.0152    1.3942    0.3190   -1.3508   -0.8357   -0.8052   -1.2609   -1.0294    1.7321    0.3063    1.2178   -1.1570
    0.4208    1.5157   -0.5800    0.6551   -0.0767   -0.5998   -0.5603    5.0895   -0.6819   -0.4823   -0.5883   -0.1510    0.4768   -0.5882   -0.5598
   -4.1141   -0.0320   -0.2213    1.1290    1.3757    0.2108   -1.4461    0.0744   -0.9245   -1.3425   -1.1309    1.6992    0.3907    1.1087   -1.2529

  Columns 76 through 90

   -1.0179   -0.8553   -4.1442    1.4293   -1.0367    0.3542   -0.4476   -1.5091    0.5057   -0.9330   -2.9211    1.0404   -0.6787   -0.9237   -1.1942
   -0.6392   -0.6413    0.5225   -0.1799   -0.5673    0.9092   -0.5782   -0.5576   -0.5657   -0.5682   -0.0815    0.0277   -0.5144    1.6291   -0.5954
   -1.1285   -0.9668   -4.0346    1.3922   -1.1344    0.5157   -0.5493   -1.6033    0.4028   -1.0312   -2.9240    1.0419   -0.7682   -0.6290   -1.2963

  Columns 91 through 105

   -1.2774    0.1617    0.9182    0.0498   -0.7703    1.6715   -1.2376    1.3434    1.1796   -0.6403    1.0768    1.2074   -0.5462    1.7465    0.9003
   -0.5852    0.4783    0.3544   -0.5815    1.8210   -0.8521   -0.4451   -0.4986   -0.6263   -0.6069   -0.5935   -0.6230   -0.5992   -0.5406    0.2978
   -1.3774    0.2474    0.9784   -0.0539   -0.4422    1.5128   -1.3125    1.2496    1.0637   -0.7465    0.9676    1.0924   -0.6513    1.6439    0.9508

  Columns 106 through 120

   -1.0121   -1.2118    1.0842    0.1838   -1.1646   -0.3987    0.4760   -1.0802   -1.0455    0.7264   -0.8948    1.8720    0.4923    1.3909   -1.4093
   -0.5637   -0.5682    0.2058   -0.5992   -0.5099   -0.5848   -0.6112   -0.5806   -0.5547   -0.3190    2.1109   -0.5122   -0.6414   -0.2601   -0.5132
   -1.1093   -1.3090    1.1174    0.0763   -1.2515   -0.5018    0.3651   -1.1801   -1.1407    0.6670   -0.5146    1.7739    0.3760    1.3401   -1.4959

  Column 121

   -3.2892
    0.3840
   -3.2072


error_metrics =

   1.0e+06 *

    0.0000    0.0000    0.0000
    0.0000    0.0000    0.0000
    0.0000    0.0000    0.0000
    0.0000    0.0000    0.0000
    0.0000    0.0000    0.0003
    0.0000    0.0000    0.0000
    0.0001    0.0001    0.0003
    0.1199    0.2779    3.3330
    0.0003    0.0005    0.0018


e =

   -0.3027   -0.0092   -0.3033
   -0.1552    0.3182   -0.0979
   -0.2678   -0.0160   -0.2699
   -0.2588    0.0455   -0.2501
    0.4091    0.7181    0.5357
    0.5076   -0.2032    0.4692
    0.1397    0.0743    0.1525
   -0.5019    0.1707   -0.4697
    0.1639   -0.0892    0.1473
   -0.1996    0.0633   -0.1878
   -0.3758   -0.0325   -0.3803
    0.4669    0.0276    0.4701
    0.2141   -0.0601    0.2023
    0.6861   -0.0325    0.6779
    0.7131    2.3260    1.1259
   -0.0325   -0.1355   -0.0567
   -0.7785    0.0626   -0.7647
   -0.2987   -0.1708   -0.3284
    0.2209   -0.0828    0.2052
   -0.2874    0.3089   -0.2313
    0.3118   -0.1252    0.2880
   -0.0844   -0.0323   -0.0899
    0.1683    0.0273    0.1725
    3.0276   -0.5013    2.9261
    0.5178   -0.0727    0.5027
   -0.8326    0.0207   -0.8259
   -0.1455    0.3683   -0.0792
   -0.4701   -0.1285   -0.4914
   -0.1125   -0.0532   -0.1216
   -0.1952   -0.1490   -0.2211
    0.0115   -0.0106    0.0096
   -0.4471   -0.1727   -0.4767
   -0.4390   -0.0485   -0.4463
   -0.4274    0.5344   -0.3308
    0.3623   -0.5629    0.2602
    0.4595   -0.4903    0.3699
   -0.2414   -0.0467   -0.2494
    0.0829   -0.0464    0.0743
   -0.5127    0.5036   -0.4213
    0.1034   -0.0632    0.0917
    0.5428   -0.1316    0.5169
    0.1302   -0.0182    0.1264
    0.0092    0.0615    0.0201
    0.4488   -0.0004    0.4469
    0.3267   -0.5319    0.2302
   -0.4515   -0.1320   -0.4736
   -0.1556    0.0550   -0.1453
   -0.3616   -1.8315   -0.6849
   -0.3960    0.0463   -0.3867
   -0.3123    0.1606   -0.2826
    0.1939   -0.0649    0.1816
   -0.2927   -0.0432   -0.2994
    0.3364   -0.3742    0.2680
   -0.5593   -0.2183   -0.5964
   -0.4166   -0.1688   -0.4455
   -0.2431   -0.0997   -0.2600
    0.3469    0.0649    0.3573
   -0.3407    0.3318   -0.2804
   -0.0922   -0.1850   -0.1252
    0.0186   -0.0237    0.0143
    3.1235    0.0375    3.1176
   -0.0850    0.2077   -0.0476
    0.5674   -0.0242    0.5611
    0.5099   -0.6289    0.3954
   -0.4105   -0.1442   -0.4350
   -0.7290   -0.0143   -0.7290
    0.0272   -0.0543    0.0173
   -0.4880   -1.0551   -0.6727
   -0.5179    0.1109   -0.4960
   -0.0618   -0.1758   -0.0931
    0.4704    0.0592    0.4793
   -0.4325    0.1388   -0.4064
    0.5581   -0.0997    0.5380
    0.1568   -0.0289    0.1508
   -0.0916    0.0016   -0.0911
   -0.3057    0.0200   -0.3011
   -0.3697    0.0146   -0.3659
    3.2499    0.0295    3.2421
   -1.1872    0.1757   -1.1517
   -0.2869   -0.0562   -0.2959
   -0.5699    0.7114   -0.4411
   -0.7188   -0.0175   -0.7194
    0.1855   -0.0479    0.1761
   -0.4761    0.0372   -0.4678
   -0.2411    0.0287   -0.2352
    3.7696   -0.4445    3.6755
    0.4472   -0.2359    0.4032
   -0.5127   -0.0895   -0.5269
   -0.1840    0.6214   -0.0728
    0.0211    0.0258    0.0256
   -0.0458   -0.0549   -0.0554
    0.4257   -0.2699    0.3752
    0.2756   -0.0806    0.2601
    0.2173    0.0239    0.2204
    0.2829    0.8228    0.4288
   -0.5489    0.2485   -0.5020
    0.3491   -0.1363    0.3234
    0.0428   -0.0143    0.0400
   -0.6456    0.0803   -0.6291
   -0.6829    0.0062   -0.6794
    0.5262    0.0607    0.5346
    0.8875    0.2718    0.9324
   -0.1326    0.1080   -0.1128
   -0.4224   -0.0788   -0.4351
    0.0756    0.0253    0.0795
   -0.3115   -0.0477   -0.3189
    0.1623   -0.0167    0.1587
   -0.6065   -0.1359   -0.6288
    0.0025    0.0064    0.0035
   -0.1581   -0.1700   -0.1880
    0.8755    0.0015    0.8727
    0.1604    0.0450    0.1679
   -0.2430   -0.0322   -0.2479
   -0.2782   -0.0570   -0.2875
    0.3188   -0.2111    0.2798
    0.5998    3.1309    1.1569
   -1.3759    0.3702   -1.3050
    0.2922    0.0369    0.2978
    0.5545   -0.1784    0.5201
    0.0871   -0.1216    0.0650
    2.6225   -0.7454    2.4782

Error metrics output 1 (Heatpump) Trainindata:
mae (mean absolute error)0.470026
mse (mean squared error)0.593376
rmse (root mean squared error)0.770309
mare (mean absolute relative error)1.085647
msre (mean squared relative error)11.992547
rmsre (root mean squared relative error)3.463026
mape (mean absolute percentage error)108.564708
mspe (mean squared percentage error)119925.472382
rmspe (root mean squared percentage error)346.302573
Error metrics output 2(Gas) Trainindata:
mae (mean absolute error)0.217972
mse (mean squared error)0.218106
rmse (root mean squared error)0.467018
mare (mean absolute relative error)1.210189
msre (mean squared relative error)27.788764
rmsre (root mean squared relative error)5.271505
mape (mean absolute percentage error)121.018909
mspe (mean squared percentage error)277887.635497
rmspe (root mean squared percentage error)527.150487
Error metrics output 3(combined) Trainindata:
mae (mean absolute error)0.469686
mse (mean squared error)0.586856
rmse (root mean squared error)0.766065
mare (mean absolute relative error)2.989348
msre (mean squared relative error)333.297145
rmsre (root mean squared relative error)18.256428
mape (mean absolute percentage error)298.934784
mspe (mean squared percentage error)3332971.451239
rmspe (root mean squared percentage error)1825.642750
absolute Errors:

Errors =

   1.0e+03 *

    0.2123    0.0259    0.2382
    0.2430    0.0381    0.2811
    0.2196    0.0257    0.2452
    0.2214    0.0279    0.2493
    0.3603    0.0530    0.4133
    0.3808    0.0187    0.3994
    0.3043    0.0290    0.3333
    0.1709    0.0326    0.2035
    0.3093    0.0229    0.3322
    0.2337    0.0286    0.2623
    0.1971    0.0250    0.2221
    0.3724    0.0273    0.3996
    0.3198    0.0240    0.3437
    0.4179    0.0250    0.4430
    0.4236    0.1130    0.5365
    0.2685    0.0212    0.2897
    0.1134    0.0286    0.1419
    0.2131    0.0199    0.2330
    0.3212    0.0232    0.3443
    0.2155    0.0378    0.2532
    0.3401    0.0216    0.3616
    0.2577    0.0250    0.2828
    0.3102    0.0273    0.3375
    0.9049    0.0076    0.9121
    0.3829    0.0235    0.4064
    0.1021    0.0270    0.1291
    0.2450    0.0400    0.2850
    0.1775    0.0215    0.1990
    0.2519    0.0243    0.2761
    0.2347    0.0207    0.2554
    0.2777    0.0259    0.3035
    0.1823    0.0198    0.2020
    0.1840    0.0244    0.2084
    0.1864    0.0462    0.2325
    0.3506    0.0053    0.3558
    0.3708    0.0080    0.3787
    0.2250    0.0245    0.2495
    0.2925    0.0245    0.3170
    0.1686    0.0450    0.2136
    0.2968    0.0239    0.3207
    0.3881    0.0213    0.4094
    0.3023    0.0256    0.3279
    0.2772    0.0285    0.3057
    0.3686    0.0262    0.3948
    0.3432    0.0064    0.3495
    0.1814    0.0213    0.2027
    0.2429    0.0283    0.2712
    0.2001   -0.0420    0.1586
    0.1929    0.0280    0.2208
    0.2103    0.0322    0.2425
    0.3156    0.0238    0.3394
    0.2144    0.0246    0.2390
    0.3452    0.0123    0.3574
    0.1589    0.0181    0.1770
    0.1886    0.0200    0.2085
    0.2247    0.0225    0.2473
    0.3474    0.0287    0.3761
    0.2044    0.0386    0.2430
    0.2561    0.0194    0.2754
    0.2791    0.0254    0.3045
    0.9248    0.0277    0.9521
    0.2576    0.0340    0.2916
    0.3932    0.0254    0.4186
    0.3813    0.0028    0.3840
    0.1899    0.0209    0.2107
    0.1237    0.0257    0.1494
    0.2809    0.0242    0.3051
    0.1738   -0.0131    0.1611
    0.1675    0.0304    0.1980
    0.2624    0.0197    0.2821
    0.3731    0.0285    0.4015
    0.1853    0.0314    0.2167
    0.3913    0.0225    0.4138
    0.3078    0.0252    0.3330
    0.2562    0.0263    0.2825
    0.2117    0.0270    0.2387
    0.1984    0.0268    0.2252
    0.9511    0.0274    0.9781
    0.0284    0.0328    0.0612
    0.2156    0.0242    0.2397
    0.1567    0.0528    0.2095
    0.1258    0.0256    0.1514
    0.3138    0.0245    0.3383
    0.1762    0.0276    0.2039
    0.2251    0.0273    0.2524
    1.0591    0.0097    1.0685
    0.3683    0.0175    0.3857
    0.1686    0.0229    0.1915
    0.2370    0.0494    0.2863
    0.2796    0.0272    0.3068
    0.2657    0.0242    0.2899
    0.3638    0.0162    0.3798
    0.3326    0.0233    0.3558
    0.3204    0.0271    0.3475
    0.3341    0.0569    0.3910
    0.1611    0.0355    0.1968
    0.3479    0.0212    0.3690
    0.2841    0.0257    0.3099
    0.1410    0.0292    0.1702
    0.1332    0.0265    0.1597
    0.3847    0.0285    0.4131
    0.4598    0.0364    0.4961
    0.2477    0.0303    0.2780
    0.1874    0.0233    0.2107
    0.2910    0.0272    0.3181
    0.2105    0.0245    0.2349
    0.3090    0.0256    0.3346
    0.1491    0.0212    0.1703
    0.2758    0.0265    0.3022
    0.2424    0.0199    0.2623
    0.4573    0.0263    0.4836
    0.3086    0.0279    0.3365
    0.2247    0.0251    0.2498
    0.2174    0.0241    0.2415
    0.3415    0.0184    0.3599
    0.4000    0.1430    0.5429
   -0.0109    0.0401    0.0292
    0.3360    0.0276    0.3636
    0.3906    0.0196    0.4100
    0.2934    0.0217    0.3151
    0.8206   -0.0015    0.8187

predicted Values:

predictedValues =

  310.3499    3.0223  313.3820
  251.4677   69.6565  321.1569
  249.1989    4.8777  254.1112
  447.3273    2.2747  449.6579
  618.6259   19.0384  637.7259
  336.5526   59.5164  396.1327
   37.1512    4.3410   41.4945
  205.8622   -0.9660  204.9220
  204.2151    6.2016  210.4452
  544.1099   11.2488  555.3952
   78.1498    4.8045   82.9571
   84.9012    4.3703   89.2914
  195.5779   52.4042  248.0421
  219.7170    2.0319  221.7532
  413.1012   26.1897  439.3445
    6.8516    7.8777   14.7511
  672.8990   13.1441  686.0624
   62.2102   10.3430   72.6079
  397.1726    9.6061  406.7934
  513.9701   37.6259  551.6046
  532.6607   25.2836  558.0208
   17.5457    5.4553   23.0036
  323.7060    2.9904  326.7072
 -334.7000   22.1675 -312.2457
  362.3257   48.2901  410.6740
  560.4398    5.3470  565.7817
   90.2648  103.4493  193.7105
  152.2491    4.9813  157.2325
   30.0970    5.3028   35.4008
  497.2854   10.1941  507.4908
  437.9000    3.4035  441.2970
  544.2718   35.3762  579.7121
  303.6828   67.5766  371.2973
  467.7714   47.0568  514.9106
  340.2501   52.1260  392.4399
  487.7554   29.6676  517.4966
  644.9048   12.0400  657.0446
  -17.2398    5.0311  -12.2073
  544.2118   35.9645  580.2583
  435.6912    5.8764  441.5739
  378.4260   46.5284  425.0519
   92.1331    5.8688   98.0107
  381.9819    2.8065  384.7960
  345.0795    3.6723  348.7969
  550.4691   23.9628  574.4953
   93.8835    7.9216  101.8295
   96.1626    2.7808   98.9466
   75.1969  243.1763  317.8185
  421.4562   61.5244  483.0454
  438.1503    3.7115  441.8678
  318.3818   73.0712  391.4476
  232.2619    1.6123  233.8796
  328.0392   68.8387  396.9619
  671.6046   15.8475  687.4685
  462.8395   32.3245  495.1998
  274.8499   77.2111  352.0448
  115.5621    3.5287  119.0923
  361.8523   52.4808  414.3757
   19.1662    9.5847   28.8257
   -3.7671    5.2124    1.4497
 -599.3252   41.9414 -557.0553
  212.0691   82.7564  294.8248
  250.7058    4.6314  255.3330
  486.3582   50.6761  537.1093
  565.1740   23.3954  588.5936
  341.5970    3.8929  345.4908
   -5.6474    5.3659   -0.2768
  101.4765  215.9831  317.0230
  107.8074    0.8346  108.5847
   13.0509    8.2754   21.3523
   61.1775    4.3242   65.5036
  635.4345   20.6250  656.1051
  338.9462   44.0271  383.0334
  528.5032    4.3283  532.8699
   34.6553    5.3845   40.0501
   63.5687    2.4260   65.9977
   97.3830    2.3453   99.7402
 -586.5280   45.7308 -540.4495
  572.4772   19.5492  592.0405
   59.6597    5.1067   64.7700
  348.9082   60.1496  409.1247
  182.1813    4.7010  186.8790
  -38.5680    5.4664  -33.0790
  380.4044    5.1663  385.5723
   81.2426    5.0719   86.3144
 -332.1836   23.2163 -308.6803
  491.5959   27.2850  518.9400
  134.1155    7.0763  141.2030
   83.1665   86.9833  170.2412
   26.9215    4.0573   30.9826
    9.6162    4.4376   14.0586
  308.8710   44.0832  353.1287
  466.1870   39.4637  505.6888
  285.6046    4.5752  290.2649
  115.0656   94.1383  209.2231
  622.8348   -5.5128  617.2035
   17.8977    9.6625   27.6007
  554.6091    7.6685  562.2812
  520.5477    2.9058  523.4779
  142.1032    3.6297  145.7325
  499.1713    4.1274  503.4211
  526.3368    3.0294  529.4739
  161.6681    3.9178  165.5918
  638.4479    6.1013  644.5557
  462.4703   37.3567  499.9158
   64.7803    5.2382   70.0191
   23.2571    5.0737   28.3395
  500.7215   33.9264  534.6818
  313.4814    3.9149  317.4325
   33.0761    7.2466   40.3414
  192.3381    4.4528  196.7853
  374.2354    3.4687  377.7044
   50.6234    4.6092   55.2371
   57.8446    5.5747   63.4494
  426.3066   14.3610  440.6896
   89.1781  104.9455  194.1257
  664.5273    7.1599  671.6941
  377.6336    2.3448  379.9803
  564.4812   16.5591  581.1730
  -17.8105    7.1227  -10.6726
 -408.7453   40.5693 -367.7892

actual Values:

actualValues =

  247.4000    2.6800  250.0800
  219.2000   81.5200  300.7200
  193.5000    4.2800  197.7800
  393.5000    3.9700  397.4700
  703.7000   45.8100  749.5100
  442.1000   51.9400  494.0400
   66.2000    7.1100   73.3100
  101.5000    5.3970  106.8970
  238.3000    2.8760  241.1760
  502.6000   13.6100  516.2100
         0    3.5946    3.5946
  182.0000    5.4000  187.4000
  240.1000   50.1648  290.2648
  362.4000    0.8190  363.2190
  561.4000  112.9000  674.3000
    0.1000    2.8256    2.9256
  511.0000   15.4766  526.4766
    0.1000    3.9770    4.0770
  443.1000    6.5200  449.6200
  454.2000   49.1406  503.3406
  597.5000   20.6150  618.1150
         0    4.2500    4.2500
  358.7000    4.0100  362.7100
  294.9000    3.4800  298.3800
  470.0000   45.5800  515.5800
  387.3000    6.1200  393.4200
   60.0000  117.1800  177.1800
   54.5000    0.1900   54.6900
    6.7000    3.3200   10.0200
  456.7000    4.6400  461.3400
  440.3000    3.0100  443.3100
  451.3000   28.9400  480.2400
  212.4000   65.7700  278.1700
  378.9000   66.9783  445.8783
  415.6000   31.1434  446.7434
  583.3000   11.3900  594.6900
  594.7000   10.3000  605.0000
         0    3.3000    3.3000
  437.6000   54.7400  492.3400
  457.2000    3.5200  460.7200
  491.3000   41.6207  532.9207
  119.2000    5.1900  124.3900
  383.9000    5.1000  389.0000
  438.4000    3.6565  442.0565
  618.4000    4.1360  622.5360
         0    3.0000    3.0000
   63.8000    4.8300   68.6300
         0  174.9000  174.9000
  339.1000   63.2500  402.3500
  373.2000    9.7000  382.9000
  358.7000   70.6500  429.3500
  171.4000         0  171.4000
  398.0000   54.8900  452.8900
  555.3000    7.7100  563.0100
  376.2000   26.0300  402.2300
  224.3000   73.4955  297.7955
  187.7000    5.9500  193.6500
  291.0000   64.8500  355.8500
         0    2.6900    2.6900
    0.1000    4.3300    4.4300
   50.2000   43.3400   93.5400
  194.4000   90.5000  284.9000
  368.7000    3.7300  372.4300
  592.4000   27.2300  619.6300
  479.8000   18.0200  497.8200
  190.0000    3.3600  193.3600
         0    3.3400    3.3400
         0  176.6500  176.6500
    0.1000    4.9700    5.0700
    0.2000    1.7200    1.9200
  159.0000    6.5300  165.5300
  545.5000   25.8000  571.3000
  455.0000   40.3100  495.3100
  561.1000    3.2500  564.3500
   15.6000    5.4443   21.0443
         0    3.1700    3.1700
   20.5000    2.8900   23.3900
   89.3000   46.8300  136.1300
  325.6000   26.1000  351.7000
         0    3.0130    3.0130
  230.4000   86.6700  317.0700
   32.7000    4.0500   36.7500
         0    3.6800    3.6800
  281.4000    6.5520  287.9520
   31.1000    6.1400   37.2400
  451.7000    6.6450  458.3450
  584.6000   18.4893  603.0893
   27.5000    3.7400   31.2400
   44.9000  110.1500  155.0500
   31.3000    5.0200   36.3200
    0.1000    2.3900    2.4900
  397.4000   34.0200  431.4200
  523.5000   36.4600  559.9600
  330.8000    5.4660  336.2660
  173.9000  124.8100  298.7100
  508.7000    3.7492  512.4492
   90.5000    4.5800   95.0800
  563.5000    7.1350  570.6350
  386.3000    5.9000  392.2000
    0.1000    3.8600    3.9600
  608.6000    6.3900  614.9900
  710.9000   13.1600  724.0600
  134.1000    7.9428  142.0428
  550.6000    3.1653  553.7653
  478.2000   38.3000  516.5000
         0    3.4600    3.4600
   57.0000    4.4500   61.4500
  374.6000   28.8600  403.4600
  314.0000    4.1540  318.1540
    0.2000    0.9100    1.1100
  374.4000    4.5100  378.9100
  407.6000    5.1458  412.7458
    0.1000    3.4100    3.5100
         0    3.4500    3.4500
  492.6000    6.4900  499.0900
  213.9000  221.6600  435.5600
  378.4000   20.9590  399.3590
  438.4000    3.7200  442.1200
  679.8000    9.9100  689.7100
    0.3000    2.5900    2.8900
  136.6000   12.7800  149.3800


error_metrics_test =

   1.0e+06 *

    0.0000    0.0000    0.0000
    0.0000    0.0000    0.0000
    0.0000    0.0000    0.0000
    0.0000    0.0000    0.0000
    0.0000    0.0000    0.0003
    0.0000    0.0000    0.0000
    0.0001    0.0001    0.0003
    0.1199    0.2779    3.3330
    0.0003    0.0005    0.0018


e_test =

   -0.3027   -0.0092   -0.3033
   -0.1552    0.3182   -0.0979
   -0.2678   -0.0160   -0.2699
   -0.2588    0.0455   -0.2501
    0.4091    0.7181    0.5357
    0.5076   -0.2032    0.4692
    0.1397    0.0743    0.1525
   -0.5019    0.1707   -0.4697
    0.1639   -0.0892    0.1473
   -0.1996    0.0633   -0.1878
   -0.3758   -0.0325   -0.3803
    0.4669    0.0276    0.4701
    0.2141   -0.0601    0.2023
    0.6861   -0.0325    0.6779
    0.7131    2.3260    1.1259
   -0.0325   -0.1355   -0.0567
   -0.7785    0.0626   -0.7647
   -0.2987   -0.1708   -0.3284
    0.2209   -0.0828    0.2052
   -0.2874    0.3089   -0.2313
    0.3118   -0.1252    0.2880
   -0.0844   -0.0323   -0.0899
    0.1683    0.0273    0.1725
    3.0276   -0.5013    2.9261
    0.5178   -0.0727    0.5027
   -0.8326    0.0207   -0.8259
   -0.1455    0.3683   -0.0792
   -0.4701   -0.1285   -0.4914
   -0.1125   -0.0532   -0.1216
   -0.1952   -0.1490   -0.2211
    0.0115   -0.0106    0.0096
   -0.4471   -0.1727   -0.4767
   -0.4390   -0.0485   -0.4463
   -0.4274    0.5344   -0.3308
    0.3623   -0.5629    0.2602
    0.4595   -0.4903    0.3699
   -0.2414   -0.0467   -0.2494
    0.0829   -0.0464    0.0743
   -0.5127    0.5036   -0.4213
    0.1034   -0.0632    0.0917
    0.5428   -0.1316    0.5169
    0.1302   -0.0182    0.1264
    0.0092    0.0615    0.0201
    0.4488   -0.0004    0.4469
    0.3267   -0.5319    0.2302
   -0.4515   -0.1320   -0.4736
   -0.1556    0.0550   -0.1453
   -0.3616   -1.8315   -0.6849
   -0.3960    0.0463   -0.3867
   -0.3123    0.1606   -0.2826
    0.1939   -0.0649    0.1816
   -0.2927   -0.0432   -0.2994
    0.3364   -0.3742    0.2680
   -0.5593   -0.2183   -0.5964
   -0.4166   -0.1688   -0.4455
   -0.2431   -0.0997   -0.2600
    0.3469    0.0649    0.3573
   -0.3407    0.3318   -0.2804
   -0.0922   -0.1850   -0.1252
    0.0186   -0.0237    0.0143
    3.1235    0.0375    3.1176
   -0.0850    0.2077   -0.0476
    0.5674   -0.0242    0.5611
    0.5099   -0.6289    0.3954
   -0.4105   -0.1442   -0.4350
   -0.7290   -0.0143   -0.7290
    0.0272   -0.0543    0.0173
   -0.4880   -1.0551   -0.6727
   -0.5179    0.1109   -0.4960
   -0.0618   -0.1758   -0.0931
    0.4704    0.0592    0.4793
   -0.4325    0.1388   -0.4064
    0.5581   -0.0997    0.5380
    0.1568   -0.0289    0.1508
   -0.0916    0.0016   -0.0911
   -0.3057    0.0200   -0.3011
   -0.3697    0.0146   -0.3659
    3.2499    0.0295    3.2421
   -1.1872    0.1757   -1.1517
   -0.2869   -0.0562   -0.2959
   -0.5699    0.7114   -0.4411
   -0.7188   -0.0175   -0.7194
    0.1855   -0.0479    0.1761
   -0.4761    0.0372   -0.4678
   -0.2411    0.0287   -0.2352
    3.7696   -0.4445    3.6755
    0.4472   -0.2359    0.4032
   -0.5127   -0.0895   -0.5269
   -0.1840    0.6214   -0.0728
    0.0211    0.0258    0.0256
   -0.0458   -0.0549   -0.0554
    0.4257   -0.2699    0.3752
    0.2756   -0.0806    0.2601
    0.2173    0.0239    0.2204
    0.2829    0.8228    0.4288
   -0.5489    0.2485   -0.5020
    0.3491   -0.1363    0.3234
    0.0428   -0.0143    0.0400
   -0.6456    0.0803   -0.6291
   -0.6829    0.0062   -0.6794
    0.5262    0.0607    0.5346
    0.8875    0.2718    0.9324
   -0.1326    0.1080   -0.1128
   -0.4224   -0.0788   -0.4351
    0.0756    0.0253    0.0795
   -0.3115   -0.0477   -0.3189
    0.1623   -0.0167    0.1587
   -0.6065   -0.1359   -0.6288
    0.0025    0.0064    0.0035
   -0.1581   -0.1700   -0.1880
    0.8755    0.0015    0.8727
    0.1604    0.0450    0.1679
   -0.2430   -0.0322   -0.2479
   -0.2782   -0.0570   -0.2875
    0.3188   -0.2111    0.2798
    0.5998    3.1309    1.1569
   -1.3759    0.3702   -1.3050
    0.2922    0.0369    0.2978
    0.5545   -0.1784    0.5201
    0.0871   -0.1216    0.0650
    2.6225   -0.7454    2.4782


y_pred_test =

  Columns 1 through 15

    0.1688   -0.1144   -0.1253    0.8275    1.6512    0.2948   -1.1450   -0.3337   -0.3416    1.2929   -0.9478   -0.9154   -0.3831   -0.2671    0.6629
   -0.6232    1.1643   -0.5734   -0.6432   -0.1936    0.8923   -0.5878   -0.7302   -0.5379   -0.4025   -0.5754   -0.5870    0.7015   -0.6498   -0.0017
    0.0569    0.0942   -0.2271    0.7099    1.6111    0.4534   -1.2459   -0.4628   -0.4364    1.2166   -1.0473   -1.0169   -0.2562   -0.3822    0.6605

  Columns 16 through 30

   -1.2907    1.9122   -1.0245    0.5863    1.1480    1.2378   -1.2393    0.2330   -2.9332    0.4187    1.3714   -0.8896   -0.5915   -1.1789    1.0677
   -0.4929   -0.3517   -0.4268   -0.4466    0.3051   -0.0260   -0.5579   -0.6240   -0.1096    0.5911   -0.5608    2.0708   -0.5706   -0.5620   -0.4308
   -1.3741    1.8428   -1.0969    0.5045    1.1984    1.2292   -1.3346    0.1208   -2.9410    0.5231    1.2664   -0.5165   -0.6913   -1.2751    0.9871

  Columns 31 through 45

    0.7821    1.2937    0.1367    0.9258    0.3126    1.0219    1.7776   -1.4065    1.2934    0.7715    0.4961   -0.8806    0.5132    0.3358    1.3235
   -0.6130    0.2447    1.1085    0.5580    0.6940    0.0916   -0.3813   -0.5693    0.2605   -0.5466    0.5439   -0.5468   -0.6290   -0.6058   -0.0615
    0.6699    1.3331    0.3344    1.0226    0.4357    1.0350    1.7037   -1.5033    1.3358    0.6712    0.5920   -0.9751    0.3991    0.2266    1.3081

  Columns 46 through 60

   -0.8722   -0.8612   -0.9620    0.7031    0.7834    0.2074   -0.2067    0.2538    1.9060    0.9021   -0.0019   -0.7679    0.4164   -1.2315   -1.3418
   -0.4918   -0.6297    5.8189    0.9461   -0.6047    1.2559   -0.6610    1.1423   -0.2792    0.1628    1.3669   -0.6096    0.7035   -0.4471   -0.5644
   -0.9568   -0.9706    0.0782    0.8699    0.6726    0.4310   -0.3241    0.4574    1.8495    0.9282    0.2422   -0.8741    0.5409   -1.3067   -1.4378

  Columns 61 through 75

   -4.2057   -0.3038   -0.1180    1.0152    1.3942    0.3190   -1.3508   -0.8357   -0.8052   -1.2609   -1.0294    1.7321    0.3063    1.2178   -1.1570
    0.4208    1.5157   -0.5800    0.6551   -0.0767   -0.5998   -0.5603    5.0895   -0.6819   -0.4823   -0.5883   -0.1510    0.4768   -0.5882   -0.5598
   -4.1141   -0.0320   -0.2213    1.1290    1.3757    0.2108   -1.4461    0.0744   -0.9245   -1.3425   -1.1309    1.6992    0.3907    1.1087   -1.2529

  Columns 76 through 90

   -1.0179   -0.8553   -4.1442    1.4293   -1.0367    0.3542   -0.4476   -1.5091    0.5057   -0.9330   -2.9211    1.0404   -0.6787   -0.9237   -1.1942
   -0.6392   -0.6413    0.5225   -0.1799   -0.5673    0.9092   -0.5782   -0.5576   -0.5657   -0.5682   -0.0815    0.0277   -0.5144    1.6291   -0.5954
   -1.1285   -0.9668   -4.0346    1.3922   -1.1344    0.5157   -0.5493   -1.6033    0.4028   -1.0312   -2.9240    1.0419   -0.7682   -0.6290   -1.2963

  Columns 91 through 105

   -1.2774    0.1617    0.9182    0.0498   -0.7703    1.6715   -1.2376    1.3434    1.1796   -0.6403    1.0768    1.2074   -0.5462    1.7465    0.9003
   -0.5852    0.4783    0.3544   -0.5815    1.8210   -0.8521   -0.4451   -0.4986   -0.6263   -0.6069   -0.5935   -0.6230   -0.5992   -0.5406    0.2978
   -1.3774    0.2474    0.9784   -0.0539   -0.4422    1.5128   -1.3125    1.2496    1.0637   -0.7465    0.9676    1.0924   -0.6513    1.6439    0.9508

  Columns 106 through 120

   -1.0121   -1.2118    1.0842    0.1838   -1.1646   -0.3987    0.4760   -1.0802   -1.0455    0.7264   -0.8948    1.8720    0.4923    1.3909   -1.4093
   -0.5637   -0.5682    0.2058   -0.5992   -0.5099   -0.5848   -0.6112   -0.5806   -0.5547   -0.3190    2.1109   -0.5122   -0.6414   -0.2601   -0.5132
   -1.1093   -1.3090    1.1174    0.0763   -1.2515   -0.5018    0.3651   -1.1801   -1.1407    0.6670   -0.5146    1.7739    0.3760    1.3401   -1.4959

  Column 121

   -3.2892
    0.3840
   -3.2072
