>> y_pred=[SVM_Heatpump.predictFcn(x_train'),SVM_Gas.predictFcn(x_train'),SVM_combined.predictFcn(x_train')]

y_pred =

   -1.1996   -0.5949   -1.3114
    1.3134   -0.5389    1.2227
    0.2466   -0.6739    0.0888
    1.2658   -0.1122    1.2701
   -0.0863   -0.5961   -0.1830
    0.3425   -0.5813    0.2383
    0.4661   -0.6564    0.3713
    0.6836    0.3843    0.8077
   -0.5219    1.7624   -0.1804
   -0.3360   -0.6658   -0.4673
    0.8096   -0.0385    0.7977
   -0.1701   -0.6540   -0.3049
    0.9669    0.1567    0.9670
   -0.2884   -0.6279   -0.4372
    0.7120    0.3732    0.8300
   -1.0219   -0.5309   -1.0508
    0.8556    0.5423    0.9696
    0.3099   -0.5512    0.1977
   -0.5281   -0.5945   -0.6422
   -0.4169   -0.5962   -0.5147
    1.2994    0.0272    1.3142
    0.7463    0.0330    0.7691
    0.1427    1.0560    0.3389
   -1.3045   -0.5184   -1.4096
    0.0869    0.3010    0.1172
   -0.7207   -0.6378   -0.8373
    0.0518   -0.6917   -0.0850
    1.0506   -0.5710    0.8788
    1.2040    0.0399    1.2278
   -0.2373    1.6871    0.0606
   -0.7901    2.1671   -0.4361
   -0.6171    1.9747   -0.2376
    0.2914   -0.6845    0.1584
   -0.7509    2.3880   -0.3805
   -0.2371    1.2952    0.0507
    1.2067    0.0455    1.2357
   -0.9932   -0.5669   -1.0911
    0.2214   -0.6281    0.0881
    0.3765    0.1650    0.4652
   -0.2182   -0.6800   -0.2856
   -0.1767   -0.6797   -0.2864
   -0.1183   -0.6746   -0.2764
   -0.9022   -0.5755   -1.0171
    0.0022    1.2099    0.1795
    0.9503   -0.2968    0.8691
    0.5370   -0.3985    0.4520
   -1.4433   -0.5610   -1.5252
   -0.0622   -0.6918   -0.1705
    0.0777    1.1695    0.3043
   -1.9352    4.5525   -1.3665
    0.2031   -0.6058    0.0830
   -1.1988   -0.4653   -1.3002
   -0.0824   -0.6592   -0.2120
    0.3095   -0.6663    0.1445
   -1.3147   -0.5986   -1.4315
    1.0646    0.2914    1.1291
    0.8686    0.0423    0.8682
   -1.2614   -0.5820   -1.3693
    0.6517    0.4146    0.7798
    0.9443   -0.0866    0.9054
    0.4610    0.3672    0.5731
   -0.0029   -0.4978   -0.1459
    0.8990    0.0826    0.9271
    0.1135    0.9181    0.2790
    0.7041   -0.1143    0.6788
    1.2418   -0.3404    1.1339
    0.8912   -0.6303    0.7426
    0.8628    0.0854    0.8770
   -0.0673    1.4617    0.1587
   -0.7527   -0.6368   -0.8752
    1.3539   -0.3050    1.2805
    0.3178   -0.6546    0.2178
    1.4502   -0.2252    1.4325
    0.1470   -0.6094    0.0176
   -0.2459   -0.6454   -0.4107
   -0.2861   -0.6434   -0.4492
   -0.0070   -0.5377   -0.1155
   -0.4308    1.4914   -0.0890
   -0.8143   -0.6212   -0.9381
   -1.4491   -0.5532   -1.5300
    0.8549   -0.3409    0.7622
   -1.1954   -0.5481   -1.3081
   -0.9349   -0.5964   -1.0521
   -0.1679   -0.6733   -0.3213
   -0.8451    2.2554   -0.4919
   -1.4319   -0.5351   -1.5323
   -1.2517   -0.5470   -1.3307
   -1.1918   -0.5180   -1.2960
    0.1356   -0.5939    0.0332
   -1.1074    2.6578   -0.6501
    1.2196    0.1634    1.2085
   -1.0722   -0.6141   -1.1860
    1.0849   -0.5568    1.0000
    1.1111   -0.0710    1.1116
    0.7676   -0.2026    0.9462
    1.0269    0.0693    1.0507
    0.0625   -0.5310   -0.0388
    0.9385    0.2014    1.0170
    1.0576   -0.2225    1.0196
   -0.8753   -0.6217   -0.9948
   -1.2704   -0.5366   -1.3719
    0.4694   -0.4263    0.3927
   -0.4940   -0.6579   -0.5624
    0.5751    0.1573    0.6091
   -0.1556   -0.6907   -0.2668
   -1.1165   -0.5609   -1.2292
   -1.1759   -0.5408   -1.2641
   -1.7136    6.5342   -1.0930
   -0.9906   -0.5804   -1.1001
   -0.6892   -0.6179   -0.8231
    0.1422   -0.4980    0.0454
    0.8273   -0.6172    0.6842
    0.2912    1.1404    0.4824
    0.4295   -0.2451    0.3820
   -0.0675   -0.4654   -0.1529
    0.7074    0.9152    0.8162
    0.5213   -0.1249    0.5328
   -0.1350   -0.5707   -0.2955
    1.1283   -0.3389    1.1200
   -0.7247   -0.6288   -0.8351
    0.0619    0.9446    0.2807
    0.3219    0.9690    0.4635
    0.2118   -0.5764    0.0932
   -0.8146   -0.5342   -0.9164
    0.9544    0.3585    1.0360
    0.9600    0.1059    0.9904
    0.6580    0.3960    0.6877
    1.1445    0.5076    1.2409
   -0.7845   -0.6131   -0.8855
   -1.5381   -0.4598   -1.6129
   -0.0771   -0.6071   -0.1958
    1.0995   -0.4802    0.9619
    0.9384   -0.0800    0.8920
    1.2209   -0.3482    1.1257
   -1.3161   -0.4244   -1.4074
   -1.1122   -0.5379   -1.2168
    0.3914    0.6834    0.5487
    0.7521    0.3704    0.8560
   -0.4432    2.0881   -0.1098
    0.5058    0.9947    0.6418
    0.7210   -0.5175    0.6119
   -1.2055   -0.5372   -1.3194
   -0.1084    1.1333    0.1327
   -0.0669   -0.5835   -0.1717
   -1.0350   -0.5873   -1.1455
   -1.2714   -0.6093   -1.3769
   -0.1993    1.5403    0.0277
    0.8462   -0.2463    0.7863
    1.0928    0.3695    1.1460
   -1.4657   -0.5626   -1.5483
   -0.1785    1.3917    0.0444
    1.1873   -0.0636    1.2571
    0.0308   -0.6756   -0.1319
    0.3021    0.4096    0.4352
   -0.5231   -0.6466   -0.6624
    0.9511   -0.3880    0.8371
    0.5328    0.3262    0.5989
   -1.0940   -0.5984   -1.2035
    0.4369    1.1115    0.6294
    0.6675   -0.0672    0.6816
    1.0190   -0.0907    0.9875
   -0.0784   -0.5857   -0.2029
   -0.4715   -0.5114   -0.6085
   -0.6148    1.8819   -0.2941
    0.2358   -0.5803    0.1086
    0.3085   -0.5026    0.2089
    0.3969    1.4727    0.5999
    0.6325    0.2147    0.7067
   -1.1103    4.5512   -0.6255
   -0.0692   -0.6377   -0.1675
    0.4738   -0.6088    0.3300
   -0.6098    1.9604   -0.2481
    0.4196    0.6556    0.5509
    1.0126   -0.5610    0.8793
    0.6675    0.3195    0.7451
   -0.6065    1.8058   -0.2263
   -1.1130   -0.6183   -1.2147
   -0.6703   -0.5790   -0.7687
    1.1597   -0.0611    1.2012
   -0.4421   -0.6458   -0.5678
    0.8322   -0.5230    0.7238
    1.0388    0.6975    1.0920
    1.0690   -0.3236    0.9583
   -0.9276    2.4227   -0.5840
   -0.2416    1.5658    0.0524
   -0.2245   -0.6841   -0.3478
   -1.4231   -0.6091   -1.4971
   -0.6372   -0.5522   -0.7771
    0.2745   -0.5475    0.1681
   -1.3725   -0.4990   -1.4618
    0.7578   -0.0973    0.7564
    0.6017   -0.4311    0.5207
    0.1121   -0.1698    0.0828
   -0.6933   -0.6310   -0.7932
   -1.0203   -0.5833   -1.0829
   -1.0997   -0.5803   -1.2131
    0.0734   -0.4319   -0.0213
   -0.0487    0.8116    0.1727
   -0.5001    1.6125   -0.1679
   -0.6707    2.0368   -0.3079
    0.5495   -0.4475    0.4452
   -1.1814   -0.5296   -1.2906
    0.1844    1.2583    0.4131
   -0.5333    2.3851   -0.2208
    0.3501   -0.3829    0.2741
    0.9569   -0.4692    0.8349
    0.2459    0.9412    0.4028
    0.4637   -0.0640    0.4667
   -1.3007   -0.5401   -1.3921
   -0.5758   -0.6099   -0.6887
   -1.4397   -0.5769   -1.5325
   -0.8594   -0.6239   -0.9759
   -0.5264   -0.5960   -0.5905
   -0.0238   -0.6400   -0.1880
    0.2205   -0.6760    0.0828
   -0.2851   -0.5325   -0.3932
   -0.7288   -0.4996   -0.8253
    0.4595    0.1611    0.5426
   -1.2968   -0.5962   -1.3949
    1.2754   -0.0775    1.2418
    0.6288   -0.3857    0.5586
    1.4661   -0.2971    1.4159
    0.3793    0.7077    0.5456
    0.0646    0.9363    0.3048
   -1.0838    2.8038   -0.6294
    0.3010   -0.6210    0.1587
    1.4358   -0.2152    1.4282
   -0.0175    1.4704    0.2428
   -0.5377   -0.6071   -0.6889
    1.0218   -0.0207    0.9923
   -1.3031   -0.6402   -1.4173
    0.3943    0.1614    0.4751
   -1.1951   -0.5411   -1.3086
    0.5968   -0.3600    0.5220
    0.3833   -0.6080    0.2435
    0.7696   -0.5430    0.6349
   -1.1822   -0.5163   -1.2897
    0.1136    1.0236    0.3398
   -1.0559   -0.5901   -1.1671
    1.0203   -0.4683    0.8826
    0.8240    0.2662    0.8914
    0.8608   -0.4801    0.7366
   -0.5433    1.7465   -0.1881
   -1.4438   -0.4705   -1.5223
   -0.0790   -0.6748   -0.2434
    0.5379   -0.5096    0.4314
    0.0626   -0.6687   -0.0724
   -0.1023   -0.6493   -0.2608
    0.8411    0.7256    0.9792
   -0.5060   -0.6461   -0.6351
    0.7645    0.8394    0.8143
   -0.5965    1.8326   -0.2365
    0.7213    0.1153    0.7342
    0.8418    0.3993    0.8452
    1.3559    0.0462    1.3445
    0.9061    0.1717    0.9281
   -1.2358   -0.5242   -1.3511
    0.6778   -0.6071    0.5560
   -0.3560    2.0785   -0.0419
   -0.7942   -0.6129   -0.9173
    1.3341   -0.1465    1.2666
    1.2542    0.0721    1.2356
   -1.0982   -0.6270   -1.2092
   -0.5434   -0.5910   -0.6365
    0.6845    0.1175    0.7277
    1.4096   -0.2439    1.3787
    0.7965   -0.0206    0.9743
    0.4320   -0.5515    0.3219
   -0.5081   -0.6077   -0.6106
   -0.0400   -0.6862   -0.1780
    0.1632   -0.6794   -0.0088
   -0.6024   -0.5717   -0.6819
    1.1505    0.4063    1.2163
   -0.8080    2.4329   -0.4021
   -1.2046   -0.5279   -1.3112
    0.6123    0.0997    0.6403
    0.1190   -0.6698   -0.0290
   -0.5367   -0.6724   -0.6403
   -1.1998   -0.5791   -1.3014
    0.6989   -0.3554    0.6351
   -1.2844   -0.5105   -1.3895

>> [error_metrics,e] = eval_Data(y_train, y_pred' )

error_metrics =

   1.0e+06 *

    0.0000    0.0000    0.0000
    0.0000    0.0000    0.0000
    0.0000    0.0000    0.0000
    0.0000    0.0000    0.0000
    0.0003    0.0000    0.0004
    0.0000    0.0000    0.0000
    0.0002    0.0001    0.0002
    2.8766    0.0442    4.1458
    0.0017    0.0002    0.0020


e =

   -0.1241   -0.0252   -0.1184
    0.0876    0.0696    0.0895
    0.0037    0.0564    0.0503
    0.1184    0.1569    0.1172
   -0.0630   -0.0685   -0.0845
    0.5133   -0.0015    0.5103
    0.1257    0.0806    0.1155
    0.8622   -0.6599    0.6834
   -0.2713    0.1096   -0.2757
   -0.9021    0.3371   -0.8251
    0.6968   -0.3876    0.6272
   -0.1572    0.0378   -0.1313
   -0.5281    0.3792   -0.4340
   -0.4957    0.0653   -0.4446
    0.0110    0.1935   -0.0083
   -0.2055   -0.0714   -0.2800
    0.2795   -0.0580    0.2480
    0.1256   -0.0366    0.1312
   -0.3531    0.0302   -0.3368
    0.1271   -0.0096    0.1178
    0.8619   -0.0507    0.8353
   -0.1666    0.0828   -0.1708
    0.1307   -0.0249    0.1177
   -0.0186   -0.0762   -0.0151
   -1.3049    0.1002   -1.2592
   -0.1701    0.0457   -0.1562
   -0.4575    0.0765   -0.4291
   -0.5310   -0.0599   -0.4737
    0.1221    0.0960    0.1179
   -0.1217   -0.0029   -0.1175
   -0.4974   -1.5755   -0.7412
   -0.0535   -0.0498   -0.0868
    0.1219    0.1541    0.1587
    0.3092   -0.2255    0.3267
   -0.1262    0.0680   -0.1692
    0.5050   -0.4227    0.4026
   -0.3286   -0.0563   -0.3373
   -0.0370    0.0156   -0.0138
    0.6451   -0.3548    0.5189
   -0.0768    0.0690   -0.1175
   -0.1198    0.0675   -0.1184
   -0.5292    0.0725   -0.4764
   -0.1511   -0.0146   -0.1380
   -0.4809   -0.0692   -0.4528
    0.8773   -0.3444    0.8375
    0.3302   -0.1266    0.3184
    0.1197    0.0693    0.1183
    0.1249    0.0680    0.1216
   -0.3790    0.8973   -0.2353
    0.6116   -0.7772    0.7220
    0.2891    0.2106    0.3369
   -0.1248   -0.0429   -0.1095
    0.0346    0.1328    0.0703
    0.1346    0.1797    0.2110
   -0.0089   -0.0099    0.0039
    0.2652   -0.2542    0.2027
    0.1742   -0.1339    0.1545
   -0.0622   -0.0311   -0.0592
    0.6027   -0.3020    0.4902
    0.5279   -0.4795    0.4605
   -0.0645    0.1839   -0.0795
   -0.8634    0.0108   -0.8043
    0.1192    0.0715    0.1151
    0.3950   -0.2677    0.3439
    0.0252   -0.0526    0.0181
    2.2712   -0.3638    2.2410
   -0.3014    0.1380   -0.2429
    0.1209   -0.0056    0.1174
    0.1647   -0.1222    0.1777
   -0.1208    0.1311   -0.0856
   -0.1044   -0.1757   -0.1212
    0.1546    0.0713    0.1488
    0.2543   -0.2419    0.1826
   -0.3045    0.0615   -0.2724
   -0.1141    0.0470   -0.0549
   -0.1148    0.0269   -0.0604
    0.4717   -0.0654    0.4709
    0.1247    0.0295    0.0557
    0.4476    0.0007    0.4618
    0.1255    0.0804    0.1266
    0.2778   -0.1957    0.2707
   -0.1283   -0.0462   -0.1170
    0.2177    0.0137    0.2333
   -0.7739   -0.0073   -0.7388
    0.2534   -0.1744    0.2740
    0.1376   -0.0540    0.1373
   -0.0715   -0.0698   -0.0980
   -0.1318   -0.0572   -0.1257
   -0.2147    0.0047   -0.2173
   -0.1195    0.2854   -0.0468
    0.3267   -0.3170    0.3049
   -0.2288    0.0705   -0.2076
   -0.1291   -0.0321   -0.1529
    0.1567   -0.0667    0.1272
   -0.1240    1.2366   -0.1201
    0.1260    0.2452    0.1543
   -0.0065   -0.0714   -0.0130
    0.1139   -0.0661    0.0558
    1.5807    0.1057    1.5886
    0.1826    0.0017    0.1937
    0.7066   -0.0557    0.7043
   -1.7685    0.0410   -1.7561
    0.1210    0.0647    0.0848
   -0.4575    0.4781   -0.3784
   -0.0861    0.0703   -0.0848
   -0.1249   -0.0699   -0.1205
    0.2144   -0.0116    0.2073
    1.0002   -0.0669    1.5374
   -0.1210   -0.0305   -0.1167
   -0.0891    0.0005   -0.0627
    1.8892    0.0709    1.9026
    0.2886   -0.0058    0.3165
   -0.1140   -0.0681   -0.1143
   -0.1600   -0.1807   -0.1895
    0.0620   -0.1608    0.0355
   -0.1041   -0.3606   -0.1160
    0.1916   -0.0938    0.1385
   -0.0167   -0.0298    0.0370
    0.0919   -0.1931    0.0009
    0.2974    0.2019    0.3331
   -0.5209   -0.3320   -0.6287
   -0.3750    0.2747   -0.2943
    0.2794   -0.0262    0.2887
    0.3431    0.0478    0.3597
    0.1240    0.0703    0.1152
   -0.1254   -0.1269   -0.1625
    0.0727    0.0301    0.1165
   -0.1258    0.0746   -0.1217
    0.0591    0.0024    0.0535
    0.2149   -0.1554    0.1845
   -0.1280   -0.0097   -0.1188
   -0.0712   -0.1540   -0.0504
    0.3727   -0.1233    0.3781
    0.4229   -0.2172    0.4114
    0.0069   -0.1350    0.0028
   -0.1902   -0.0349   -0.1834
   -0.1671    0.4306   -0.1262
    0.2840   -0.1691    0.2124
   -0.2639    0.0703   -0.2092
   -0.5489    0.0726   -0.4941
   -0.4606   -0.1146   -0.4654
   -0.1037    0.0378   -0.0744
   -0.3765    0.3578   -0.3496
    0.1470   -0.0443    0.1394
    0.1148   -0.0107    0.1217
   -0.0498    0.0137   -0.0461
   -1.0854    0.0200   -1.0291
    0.3611   -0.1621    0.3437
    0.2144    0.8906    0.3818
    0.1420   -0.0451    0.1208
   -0.3286    0.3053   -0.2466
    0.3272   -0.0771    0.2270
   -0.2205    0.0992   -0.1601
    0.0785    0.0279    0.0222
   -0.4688    0.0689   -0.4291
    0.5374   -0.2025    0.5407
   -0.5554    0.2666   -0.5156
   -0.1618   -0.0211   -0.1585
   -0.2472    0.0910   -0.2255
    0.8985   -0.3624    0.8022
   -0.0638   -0.3070   -0.1066
    0.1041   -0.0264    0.1192
    0.0005    0.0679    0.0599
   -0.2035   -0.0506   -0.1941
   -0.1615   -0.0671   -0.1502
    0.1265   -0.0753    0.1213
   -0.6737    0.0098   -0.6109
   -0.0485   -0.1960   -0.1214
    0.0252   -1.3326    0.1192
    0.1661    0.0496    0.1589
   -0.4721    0.1366   -0.4127
   -0.3003    0.1262   -0.2860
   -0.3222    0.4036   -0.2647
   -0.2151   -0.0692   -0.1972
    0.0588    0.1799    0.0679
   -0.4373    0.3750   -0.4242
   -0.1140    0.0066   -0.1173
   -0.1138    0.0163   -0.1131
    0.7958   -0.2242    0.6965
    0.1644    0.0652    0.1873
    0.7468    0.1098    0.7758
   -0.4403    0.0537   -0.3614
   -0.0012   -0.2490    0.0034
   -0.2167   -0.0692   -0.1358
    0.3029   -0.1823    0.2558
   -1.0992    0.0054   -1.0924
    0.1005    0.0856    0.0856
   -0.6864   -0.0697   -0.6530
   -0.1238   -0.0176   -0.1188
    0.0493   -0.1797    0.0220
    0.1758   -0.0329    0.1507
    0.3622   -0.1114    0.3429
   -0.2335    0.0664   -0.2223
   -0.0057    0.2616    0.0307
   -0.3033   -0.0697   -0.3528
   -0.2240    0.0005   -0.2095
    0.2721   -0.0253    0.2839
   -0.1189    0.4442   -0.1154
   -0.0806   -0.4627   -0.2054
   -0.4519    0.3999   -0.3755
    0.0447   -0.1696    0.0366
    0.2386   -0.0722    0.2436
   -0.4549    0.7296   -0.3275
   -0.5446    0.4317   -0.3501
    0.0286    0.1567    0.0629
    0.4422   -0.1146    0.4550
    0.0246   -0.1086    0.0155
    1.2567   -0.4542    1.1550
    0.3954   -0.0672    0.3815
   -0.1929   -0.0195   -0.1898
    0.1199   -0.0142    0.1118
   -0.4637    0.0597   -0.4434
   -0.1211    0.2302   -0.1201
    0.1933    0.0691    0.2549
   -0.5155    0.0701   -0.4850
   -0.3975   -0.0669   -0.3941
    0.1256   -0.0684    0.1227
    0.2813   -0.3449    0.1627
   -0.0268   -0.0451   -0.0387
    0.0727   -0.1123    0.0677
    0.1664   -0.1530    0.1375
   -0.4204    0.2335   -0.3853
    0.2042    0.2620    0.2091
   -0.6578    0.4781   -0.6432
   -0.1576   -0.0681   -0.1189
    0.1214    0.0291    0.1565
    0.1764    0.0273    0.1447
    0.0475    0.0816    0.0644
   -0.7349    0.0515   -0.6785
    0.2273    0.0214    0.2525
   -0.0171    0.0438   -0.0049
   -0.3604    0.4660   -0.3292
   -0.1286   -0.0696   -0.1195
   -0.1065    0.1957   -0.0628
   -0.1994    0.0432   -0.1611
    0.4540   -0.0325    0.4816
   -0.1415   -0.1107   -0.1413
    0.2261    0.1874    0.2151
   -0.2678   -0.0033   -0.2579
   -0.0838   -0.1404   -0.0581
   -0.3756    0.2303   -0.3559
    0.2690   -0.1110    0.2837
   -0.1681    0.5134   -0.1171
    0.1207   -0.0149    0.1171
    0.1927    0.0749    0.2495
   -0.1126   -0.0962   -0.1158
    0.0381    0.1055    0.0722
    0.0473    0.0852    0.1052
   -0.0359    0.0581   -0.0368
   -0.2492    0.0604   -0.2221
   -1.0663    0.7663   -0.8282
   -0.0726    0.0907   -0.0868
    0.4850   -0.0109    0.4864
    0.4160   -0.2888    0.4279
    0.1221   -0.1031    0.1181
    0.2343    0.0661    0.2508
   -0.0879   -0.1085   -0.0809
   -0.1563    0.0558   -0.1348
   -0.6291    0.0700   -0.5559
   -0.2183   -0.0227   -0.2052
   -0.3303   -0.1085   -0.3118
   -0.0537   -0.0075   -0.0278
   -0.1875    0.0134   -0.1815
    0.0834    0.1077    0.0919
    0.1280    0.0814    0.1174
    0.3507   -0.0653    0.3202
    0.9445   -0.0836    0.7420
   -0.0769   -0.0406   -0.0738
   -0.1240    0.0478   -0.1193
   -0.6162    0.0284   -0.5934
   -0.3337    0.0980   -0.2649
    0.3088   -0.0435    0.2795
   -0.1568    0.1679   -0.1235
   -0.0333   -0.0671   -0.0137
   -0.1191   -0.0814   -0.1167
    0.3858   -0.1564    0.3441
    0.4131    0.0449    0.4476
    0.1239    0.0467    0.1171
    0.0368   -0.0346    0.0328
   -0.0101   -0.2660   -0.0596
    0.1545   -0.1179    0.1514

Error metrics output 1 (Heatpump) Trainindata:
mae (mean absolute error)0.290031
mse (mean squared error)0.178197
rmse (root mean squared error)0.422134
mare (mean absolute relative error)1.737139
msre (mean squared relative error)287.663982
rmsre (root mean squared relative error)16.960660
mape (mean absolute percentage error)173.713917
mspe (mean squared percentage error)2876639.816442
rmspe (root mean squared percentage error)1696.065982
Error metrics output 2(Gas) Trainindata:
mae (mean absolute error)0.147508
mse (mean squared error)0.060874
rmse (root mean squared error)0.246726
mare (mean absolute relative error)0.514951
msre (mean squared relative error)4.422606
rmsre (root mean squared relative error)2.102999
mape (mean absolute percentage error)51.495101
mspe (mean squared percentage error)44226.064598
rmspe (root mean squared percentage error)210.299940
Error metrics output 3(combined) Trainindata:
mae (mean absolute error)0.277869
mse (mean squared error)0.167937
rmse (root mean squared error)0.409801
mare (mean absolute relative error)2.360730
msre (mean squared relative error)414.580134
rmsre (root mean squared relative error)20.361241
mape (mean absolute percentage error)236.073045
mspe (mean squared percentage error)4145801.344172
rmspe (root mean squared percentage error)2036.124098
absolute Errors:

Errors =

  249.4493   25.3157  276.8032
  293.4705   28.8483  320.1933
  276.0272   28.3548  312.0001
  299.8698   32.1028  325.9664
  262.1502   23.7002  283.8746
  381.9872   26.1995  408.0071
  301.3843   29.2600  325.5987
  454.5514    1.6534  444.1293
  218.8340   30.3401  243.9790
   87.6651   38.8188  129.3150
  420.1468   11.8047  432.3939
  242.5722   27.6619  274.0993
  165.4426   40.3898  210.9408
  172.1761   28.6881  208.7182
  277.5422   33.4685  299.7670
  232.5092   23.5930  243.0838
  333.3788   24.0926  353.2674
  301.3615   24.8887  328.8897
  201.8216   27.3815  231.2279
  301.6889   25.8968  326.0841
  454.4908   24.3642  475.8163
  240.6044   29.3407  265.8618
  302.4235   25.3242  326.0672
  271.3752   23.4145  298.3518
    3.9007   29.9909   38.7328
  239.8723   27.9578  268.9163
  180.1249   29.1056  211.9668
  164.8328   24.0208  202.6477
  300.6358   29.8309  326.1002
  249.9544   26.1453  276.9922
  171.8118  -32.4781  146.8222
  264.1316   24.3964  283.3858
  300.6036   31.9989  334.6296
  339.5445   17.8484  369.6731
  249.0090   28.7881  266.1866
  380.2711   10.4946  385.5226
  206.9271   24.1544  231.1235
  267.5535   26.8349  298.6333
  409.4064   13.0280  409.7996
  259.2730   28.8271  276.9889
  250.3439   28.7695  276.7921
  165.2011   28.9565  202.0958
  243.8229   25.7089  272.7119
  175.2442   23.6760  207.0144
  457.6901   13.4148  476.2804
  343.9273   21.5363  367.9459
  300.1334   28.8369  326.2025
  301.2279   28.7901  326.8722
  196.4340   59.7030  252.3975
  402.4243   -2.7209  452.1703
  335.3639   34.1035  371.8081
  249.2930   24.6558  278.6473
  282.4446   31.2032  316.1755
  303.2462   32.9512  345.5488
  273.3930   25.8842  302.3109
  330.4086   16.7761  343.8039
  311.4678   21.2617  333.7569
  262.3082   25.0947  289.1488
  400.5837   14.9960  403.8121
  385.0223    8.3784  397.6093
  261.8420   33.1110  284.9055
   95.7014   26.6562  133.6506
  300.0486   28.9210  325.5360
  357.3962   16.2760  373.2680
  280.4901   24.2921  305.2827
  747.5594   12.6903  769.1719
  212.5770   31.3987  250.8228
  300.3849   26.0449  326.0048
  309.5046   21.7003  338.5800
  250.1255   31.1396  283.6334
  253.5505   19.7054  276.2173
  307.4099   28.9133  332.5658
  328.1276   17.2347  339.6082
  211.9304   28.5462  244.6517
  251.5303   28.0069  290.0519
  251.3878   27.2562  288.9106
  373.3484   23.8158  399.7694
  301.1934   27.3531  313.1285
  368.3403   26.2786  397.8844
  301.3517   29.2508  327.9162
  333.0199   18.9596  357.9919
  248.5819   24.5317  277.0914
  320.5208   26.7640  350.1834
  114.3093   25.9800  147.3221
  327.9478   19.7522  358.6827
  303.8616   24.2397  330.1657
  260.3838   23.6518  281.0607
  247.8431   24.1214  275.2701
  230.6120   26.4299  256.1654
  250.3945   36.8920  291.7327
  343.1931   14.4370  365.1374
  227.6678   28.8823  258.1855
  248.4042   25.0558  269.6065
  307.8413   23.7668  328.0477
  249.4693   72.3535  276.4439
  301.4561   35.3953  333.7118
  273.8983   23.5941  298.7921
  298.9380   23.7912  313.1603
  603.9615   30.1931  633.0293
  313.2159   26.3159  341.9332
  422.1808   24.1775  448.4756
  -92.5174   27.7823  -64.9683
  300.4214   28.6642  319.2031
  180.1131   44.0762  222.5391
  257.3488   28.8738  283.8090
  249.2686   23.6487  276.3642
  319.8307   25.8202  344.7657
  483.2492   23.7613  622.3378
  250.0971   25.1160  277.1623
  256.7284   26.2740  288.4181
  668.1221   28.8958  698.5524
  335.2660   26.0386  367.5514
  251.5476   23.7162  277.6597
  241.9761   19.5159  261.9678
  288.1382   20.2608  308.9127
  253.5945   12.8126  277.2923
  315.0884   22.7573  330.4113
  271.7702   25.1437  309.2351
  294.3722   19.0552  301.6933
  337.1064   33.7818  371.0232
  166.9364   13.8773  170.3043
  197.2646   36.4928  240.0892
  333.3637   25.2772  361.7462
  346.5911   28.0345  376.5654
  301.0394   28.8747  325.5441
  249.1684   21.5240  267.5895
  290.3738   27.3768  325.8187
  249.0903   29.0364  276.1105
  287.5364   26.3440  312.6733
  319.9402   20.4604  340.0054
  248.6273   25.8911  276.7156
  260.4558   20.5129  290.9832
  352.7546   21.6569  380.4198
  363.2035   18.1587  387.3635
  276.6779   21.2229  302.0972
  235.6927   24.9540  263.2266
  240.5038   42.3047  275.1719
  334.3061   19.9503  345.8266
  220.3725   28.8763  257.8402
  161.1101   28.9605  198.4000
  179.4631   21.9810  204.3861
  253.6940   27.6649  285.9804
  196.9483   39.5923  228.5467
  305.8167   24.6019  330.5889
  299.1302   25.8549  326.9044
  264.8865   26.7656  291.8882
   49.5426   27.0002   86.7431
  350.3339   20.2116  373.2392
  319.8427   59.4536  381.1801
  304.7896   24.5745  326.7154
  206.9175   37.6352  250.0421
  343.3002   23.3813  348.8710
  229.3911   29.9509  268.0870
  291.5728   27.2923  306.1408
  177.7742   28.8234  211.9497
  387.0134   18.7050  414.3479
  159.7520   36.1914  193.9055
  241.6004   25.4674  268.4204
  223.8480   29.6452  254.4406
  462.0943   12.7458  468.9070
  261.9920   14.8100  279.2552
  296.8946   25.2701  326.3809
  275.3569   28.7833  313.9959
  232.9383   24.3668  261.0027
  241.6680   23.7523  270.1617
  301.5559   23.4468  326.8135
  135.1602   26.6210  174.0221
  265.1665   18.9466  276.1736
  280.4851  -23.4245  326.3746
  309.7919   28.1020  334.6762
  177.0738   31.3458  215.3851
  212.8079   30.9578  241.8177
  208.2415   41.3012  246.2736
  230.5239   23.6748  260.3560
  287.4831   32.9591  315.6693
  184.3237   40.2336  212.9838
  251.5482   26.4986  277.0344
  251.5965   26.8629  277.9010
  440.7381   17.8972  446.8532
  309.4312   28.6832  340.6015
  430.5507   30.3482  463.4119
  183.6903   28.2566  226.0846
  275.0050   16.9723  302.2180
  230.1934   23.6729  273.1646
  338.2397   19.4577  354.8923
   46.6806   26.4538   73.5360
  296.1407   29.4466  319.3663
  132.5097   23.6558  165.2312
  249.5086   25.5989  276.7155
  285.5132   19.5552  306.1005
  311.8144   25.0273  332.9567
  350.5784   22.1001  373.0604
  226.6942   28.7303  255.1209
  274.0735   36.0078  307.9156
  212.1745   23.6561  227.8893
  228.6756   26.2730  257.7878
  331.8280   25.3110  360.7462
  250.5293   42.8139  277.4247
  258.4884    9.0064  258.6487
  181.2800   41.1603  223.1347
  284.5381   19.9305  309.1511
  324.8732   23.5627  352.3503
  180.6481   53.4511  233.1512
  162.0101   42.3465  228.4443
  281.1895   32.0946  314.6295
  367.2018   21.9821  396.4598
  280.3746   22.2036  304.7328
  536.5802    9.3201  542.5295
  357.4850   23.7497  381.1286
  235.1337   25.5267  261.9067
  300.1804   25.7251  324.8393
  178.8225   28.4789  208.9709
  250.0589   34.8342  276.4468
  315.4429   28.8295  354.7079
  168.0454   28.8687  200.2871
  192.5952   23.7597  219.2611
  301.3615   23.7029  327.1178
  333.7414   13.3955  335.4574
  269.6788   24.5738  293.4379
  290.3733   22.0679  315.6372
  309.8488   20.5495  330.2027
  187.8325   34.9573  221.0968
  317.7174   36.0193  345.1339
  138.4580   44.0779  167.2712
  242.4720   23.7167  276.6847
  300.4989   27.3397  334.1737
  311.9263   27.2713  331.7045
  285.1356   29.2966  314.9465
  122.4222   28.1725  159.9053
  322.5260   27.0521  354.1966
  271.6873   27.8872  300.4918
  200.2964   43.6246  232.7994
  248.5192   23.6608  276.5667
  253.0965   33.5488  288.3927
  233.7922   27.8649  267.8912
  369.6701   25.0427  402.0026
  245.8338   22.1268  272.0137
  322.2700   33.2401  346.3912
  219.5690   26.1297  247.6768
  257.8285   21.0188  289.3750
  197.1514   34.8391  227.2369
  331.2007   22.1166  360.7102
  240.2854   45.3941  277.0629
  300.3494   25.6997  325.9360
  315.3336   29.0475  353.5739
  251.8466   22.6688  277.3440
  283.1818   30.1873  316.5714
  285.0828   29.4319  323.4608
  267.7880   28.4207  293.8210
  223.4226   28.5074  255.1596
   53.5195   54.8196  128.6680
  260.1460   29.6344  283.4009
  376.1049   25.8462  403.0160
  361.7511   15.4868  390.7957
  300.6337   22.4089  326.1578
  323.9809   28.7178  353.8469
  256.9813   22.2106  284.6243
  242.7556   28.3334  273.3733
  144.4301   28.8644  185.5040
  229.8527   25.4073  258.6904
  206.5728   22.2107  236.4385
  264.0928   25.9760  295.7109
  236.2706   26.7522  263.6235
  292.5908   30.2704  320.6787
  301.8624   29.2894  326.0045
  348.1760   23.8214  368.3224
  471.6653   23.1382  456.3514
  259.2627   24.7402  286.1013
  249.4619   28.0358  276.6017
  147.1111   27.3110  177.6722
  205.8644   29.9085  246.2163
  339.4742   24.6322  359.8279
  242.6505   32.5141  275.7330
  268.3191   23.7524  298.6552
  250.4943   23.2186  277.1623
  355.4777   20.4246  373.3134
  361.1467   27.9292  394.9060
  301.0160   27.9954  325.9461
  282.8953   24.9659  308.3555
  273.1600   16.3374  289.0614
  307.3839   21.8600  333.0952

predicted Values:

predictedValues =

   25.8027    4.0782   27.8428
  548.3815    6.1657  556.6727
  326.5248    1.1319  320.0386
  538.4822   22.0711  566.5595
  257.3018    4.0338  263.3114
  346.4648    4.5844  351.2289
  372.1677    1.7840  378.9972
  417.4005   40.5806  470.0566
  166.7180   91.9538  263.8670
  205.3869    1.4352  203.9909
  443.6052   24.8193  467.9821
  239.8797    1.8720  237.8866
  476.3094   32.0941  503.2951
  215.2758    2.8484  210.2703
  423.3097   40.1655  474.7190
   62.7428    6.4609   82.2222
  453.1732   46.4714  503.8485
  339.6905    5.7052  342.7562
  165.4304    4.0925  167.4981
  188.5631    4.0272  194.0919
  545.4611   27.2698  575.7696
  430.4476   27.4832  462.0141
  304.9285   65.6188  372.2278
    3.9768    6.9294    7.3442
  293.3263   37.4730  325.9581
  125.3797    2.4761  126.7696
  286.0271    0.4684  283.7591
  493.7192    4.9672  484.8923
  525.6162   27.7430  557.7258
  225.8975   89.1487  314.1538
  110.9402  107.0421  210.4937
  146.9204   99.8676  251.9301
  335.8483    0.7351  334.5563
  119.1074  115.2755  222.1028
  225.9430   74.5359  312.0893
  526.1809   27.9494  559.3733
   68.7249    5.1196   73.8024
  321.2985    2.8391  319.8926
  353.5456   32.4060  398.5863
  229.8790    0.9049  241.8950
  238.5081    0.9144  241.7438
  250.6509    1.1075  243.8202
   87.6291    4.7997   89.2487
  275.7078   71.3580  338.9715
  472.8619   15.1892  482.8756
  386.9247   11.3977  395.8400
  -24.8814    5.3406  -16.7731
  262.3241    0.4639  265.9338
  291.4180   69.8510  365.0085
 -127.1723  195.9665   16.3274
  317.4881    3.6695  318.8169
   25.9590    8.9081   30.1687
  258.1074    1.6808  257.2604
  339.6058    1.4140  331.6683
    1.8589    3.9398    2.7651
  496.6434   37.1178  537.1421
  455.8842   27.8323  482.6891
   12.9438    4.5592   15.7571
  410.7682   41.7111  464.2470
  471.6297   23.0255  490.4467
  371.1100   39.9430  421.1004
  274.6506    7.6978  271.0553
  462.2034   29.3329  494.9700
  298.8558   60.4780  359.7379
  421.6619   21.9919  443.1533
  533.4926   13.5637  538.1340
  460.5750    2.7553  456.4832
  454.6671   29.4391  484.5311
  261.2474   80.7437  334.6159
  118.7265    2.5143  118.8725
  556.8015   14.8832  568.7233
  341.3421    1.8507  346.9502
  576.8244   17.8593  600.4377
  305.8216    3.5377  305.1843
  224.1217    2.1944  215.8013
  215.7642    2.2677  207.7654
  273.8036    6.2082  277.4066
  185.6585   81.8509  282.9274
  105.9117    3.0954  105.7416
  -26.0998    5.6331  -17.7803
  453.0321   13.5444  460.5641
   26.6701    5.8222   28.5146
   80.8312    4.0199   81.9525
  240.3427    1.1540  234.4639
   99.5042  110.3318  198.8532
  -22.5097    6.3043  -18.2697
   14.9681    5.8622   23.8053
   27.4089    6.9425   31.0458
  303.4400    4.1140  308.4306
   44.9574  125.3319  165.8432
  528.8589   32.3469  553.6985
   52.2842    3.3617   54.0104
  500.8478    5.4981  510.1994
  506.3107   23.6072  533.4783
  434.8827   18.7005  498.9621
  488.7959   28.8387  520.7741
  288.2537    6.4599  293.4139
  470.4140   33.7628  513.7456
  495.1905   17.9609  514.2766
   93.2361    3.0780   93.9128
   11.0711    6.2508   15.2047
  372.8544   10.3617  383.4492
  172.5306    1.7297  184.1428
  394.8389   32.1178  428.6068
  242.9032    0.5073  245.8242
   43.0834    5.3452   44.9818
   30.7212    6.0938   37.7003
  -81.0972  269.8427   73.4182
   69.2549    4.6179   71.9236
  131.9236    3.2199  129.7279
  304.8299    7.6881  310.9835
  447.2860    3.2453  444.2846
  335.8044   68.7678  402.1763
  364.5759   17.1181  381.2182
  261.2138    8.9032  269.6032
  422.3575   60.3713  471.8436
  383.6636   21.5966  412.6946
  247.1818    4.9802  239.8408
  509.8798   13.6187  535.2327
  124.5456    2.8122  127.2228
  288.1156   61.4666  360.0916
  342.1874   62.3757  398.2312
  319.2883    4.7668  320.9498
  105.8609    6.3394  110.2605
  473.7126   39.6192  517.7018
  474.8836   30.1999  508.1865
  412.0782   41.0171  445.0273
  513.2617   45.1776  560.4554
  112.1156    3.4000  116.7227
  -44.5882    9.1136  -35.0794
  259.2247    3.6229  260.6504
  503.8962    8.3510  502.2328
  470.3973   23.2731  487.6621
  529.1485   13.2753  536.4224
    1.5741   10.4311    7.8087
   43.9593    6.1999   47.5794
  356.6482   51.7292  416.0141
  431.6459   40.0637  480.1393
  183.0794  104.0976  278.5858
  380.4419   63.3334  435.4459
  425.1889    6.9629  429.2098
   24.5580    6.2291   26.1656
  252.7037   68.5017  329.1993
  261.3353    4.5021  265.6671
   60.0218    4.3590   62.4616
   10.8655    3.5384   14.1677
  233.8094   83.6737  307.2828
  451.2181   17.0724  465.5967
  502.5092   40.0303  540.6559
  -29.5376    5.2795  -21.6094
  238.1345   78.1340  310.7790
  522.1518   23.8826  563.8450
  281.6608    1.0671  273.9829
  338.0792   41.5217  392.3252
  166.4778    2.1505  163.2762
  473.0386   11.7889  476.1980
  386.0400   38.4126  426.4905
   47.7516    3.9465   50.3455
  366.1040   67.6887  432.8453
  414.0577   23.7481  443.7389
  487.1600   22.8740  507.5807
  258.9574    4.4213  259.1626
  177.1951    7.1906  174.5300
  147.4137   96.4072  240.1232
  324.2840    4.6216  324.1643
  339.3961    7.5172  345.1025
  357.7918   81.1530  426.7038
  406.7855   34.2573  448.9824
   44.3669  195.9185  170.9714
  260.8601    2.4819  266.5597
  373.7781    3.5595  370.3722
  148.4441   99.3361  249.7282
  362.5104   50.6927  416.4724
  485.8281    5.3392  485.0099
  414.0689   38.1648  457.0066
  149.1283   93.5703  254.2722
   43.8037    3.2053   48.0215
  135.8555    4.6711  141.0849
  516.4139   23.9767  552.1728
  183.3208    2.1807  183.0144
  448.3013    6.7557  452.5441
  491.2617   52.2574  529.3813
  497.5470   14.1916  501.4980
   82.3586  116.5711  179.6313
  225.0122   84.6263  312.4436
  228.5714    0.7501  228.9200
  -20.6887    3.5473  -10.9203
  142.7423    5.6681  139.3448
  332.3434    5.8450  336.5805
  -10.1612    7.6500   -3.5433
  432.8376   22.6266  459.3493
  400.3736   10.1839  410.1755
  298.5578   19.9237  318.7850
  131.0785    2.7292  135.9733
   63.0775    4.5078   75.5266
   46.5764    4.6209   48.3582
  290.5240   10.1530  297.0698
  265.1227   56.5100  337.5512
  171.2636   86.3675  266.4772
  135.7720  102.1836  237.2613
  389.5139    9.5735  394.4049
   29.5788    6.5113   32.1757
  313.6039   73.1629  387.7148
  164.3419  115.1675  255.4216
  348.0625   11.9793  358.6965
  474.2502    8.7619  475.7362
  326.3774   61.3403  385.5632
  371.6718   23.8669  398.9095
    4.7670    6.1182   10.9914
  155.5183    3.5172  157.7893
  -24.1284    4.7488  -18.3134
   96.5295    2.9950   97.8551
  165.7931    4.0355  178.2749
  270.3091    2.3945  262.2680
  321.1066    1.0553  318.7888
  215.9567    6.4043  219.4549
  123.6905    7.6311  129.2681
  370.8105   32.2584  414.7485
    5.5732    4.0302   10.4180
  540.4787   23.3661  560.6487
  406.0032   11.8744  418.0732
  580.1195   15.1766  596.9892
  354.1346   52.6347  415.3720
  288.6940   61.1563  365.1149
   49.8800  130.7772  170.1612
  337.8531    3.1043  334.6222
  573.8257   18.2321  599.5509
  271.6164   81.0673  352.1695
  163.4298    3.6215  157.7406
  487.7260   25.4819  508.5893
    4.2647    2.3867    5.7341
  357.2556   32.2694  400.6466
   26.7328    6.0831   28.4292
  399.3555   12.8352  410.4432
  354.9598    3.5890  352.3147
  435.2819    6.0112  434.0033
   29.4182    7.0072   32.3723
  298.8820   64.4139  372.4148
   55.6830    4.2542   57.9592
  487.4235    8.7952  485.6910
  446.6006   36.1786  487.5327
  454.2512    8.3573  455.2157
  162.2666   91.3598  262.2431
  -24.9974    8.7142  -16.1700
  258.8184    1.0965  250.7220
  387.1053    7.2552  391.5320
  288.2702    1.3267  286.3946
  253.9692    2.0503  247.0734
  450.1640   53.3033  505.8550
  170.0294    2.1665  168.9664
  434.2325   57.5443  471.4480
  151.2060   94.5696  252.1551
  425.2470   30.5508  454.7329
  450.3009   41.1381  477.8812
  557.2183   27.9751  582.0781
  463.6711   32.6562  495.1790
   18.2707    6.7133   19.5517
  416.1964    3.6205  417.5326
  201.2219  103.7396  292.7519
  110.0993    3.4067  110.0755
  552.6792   20.7933  565.8175
  536.0592   28.9430  559.3600
   46.8814    2.8818   49.1624
  162.2612    4.2235  168.6673
  417.5896   30.6346  453.3715
  568.3760   17.1625  589.2136
  440.8867   25.4857  504.8246
  365.0893    5.6938  368.6847
  169.5901    3.5981  174.0842
  266.9409    0.6748  264.3656
  309.1876    0.9255  299.6696
  149.9778    4.9418  159.1981
  514.5015   41.3999  555.3330
  107.2329  116.9485  217.5978
   24.7576    6.5754   27.8836
  402.5743   29.9694  435.1325
  300.0053    1.2835  295.4587
  163.6360    1.1885  167.8899
   25.7567    4.6640   29.9265
  420.5920   13.0066  434.0345
    8.1681    7.2240   11.5408

actual Values:

actualValues =

  247.4000    2.6800  250.0800
  219.2000   81.5200  300.7200
  193.5000    4.2800  197.7800
  393.5000    3.9700  397.4700
  703.7000   45.8100  749.5100
  442.1000   51.9400  494.0400
   66.2000    7.1100   73.3100
  101.5000    5.3970  106.8970
  238.3000    2.8760  241.1760
  502.6000   13.6100  516.2100
         0    3.5946    3.5946
  182.0000    5.4000  187.4000
  240.1000   50.1648  290.2648
  362.4000    0.8190  363.2190
  561.4000  112.9000  674.3000
    0.1000    2.8256    2.9256
  511.0000   15.4766  526.4766
    0.1000    3.9770    4.0770
  443.1000    6.5200  449.6200
  454.2000   49.1406  503.3406
  597.5000   20.6150  618.1150
         0    4.2500    4.2500
  358.7000    4.0100  362.7100
  294.9000    3.4800  298.3800
  470.0000   45.5800  515.5800
  387.3000    6.1200  393.4200
   60.0000  117.1800  177.1800
   54.5000    0.1900   54.6900
    6.7000    3.3200   10.0200
  456.7000    4.6400  461.3400
  440.3000    3.0100  443.3100
  451.3000   28.9400  480.2400
  212.4000   65.7700  278.1700
  378.9000   66.9783  445.8783
  415.6000   31.1434  446.7434
  583.3000   11.3900  594.6900
  594.7000   10.3000  605.0000
         0    3.3000    3.3000
  437.6000   54.7400  492.3400
  457.2000    3.5200  460.7200
  491.3000   41.6207  532.9207
  119.2000    5.1900  124.3900
  383.9000    5.1000  389.0000
  438.4000    3.6565  442.0565
  618.4000    4.1360  622.5360
         0    3.0000    3.0000
   63.8000    4.8300   68.6300
         0  174.9000  174.9000
  339.1000   63.2500  402.3500
  373.2000    9.7000  382.9000
  358.7000   70.6500  429.3500
  171.4000         0  171.4000
  398.0000   54.8900  452.8900
  555.3000    7.7100  563.0100
  376.2000   26.0300  402.2300
  224.3000   73.4955  297.7955
  187.7000    5.9500  193.6500
  291.0000   64.8500  355.8500
         0    2.6900    2.6900
    0.1000    4.3300    4.4300
   50.2000   43.3400   93.5400
  194.4000   90.5000  284.9000
  368.7000    3.7300  372.4300
  592.4000   27.2300  619.6300
  479.8000   18.0200  497.8200
  190.0000    3.3600  193.3600
         0    3.3400    3.3400
         0  176.6500  176.6500
    0.1000    4.9700    5.0700
    0.2000    1.7200    1.9200
  159.0000    6.5300  165.5300
  545.5000   25.8000  571.3000
  455.0000   40.3100  495.3100
  561.1000    3.2500  564.3500
   15.6000    5.4443   21.0443
         0    3.1700    3.1700
   20.5000    2.8900   23.3900
   89.3000   46.8300  136.1300
  325.6000   26.1000  351.7000
         0    3.0130    3.0130
  230.4000   86.6700  317.0700
   32.7000    4.0500   36.7500
         0    3.6800    3.6800
  281.4000    6.5520  287.9520
   31.1000    6.1400   37.2400
  451.7000    6.6450  458.3450
  584.6000   18.4893  603.0893
   27.5000    3.7400   31.2400
   44.9000  110.1500  155.0500
   31.3000    5.0200   36.3200
    0.1000    2.3900    2.4900
  397.4000   34.0200  431.4200
  523.5000   36.4600  559.9600
  330.8000    5.4660  336.2660
  173.9000  124.8100  298.7100
  508.7000    3.7492  512.4492
   90.5000    4.5800   95.0800
  563.5000    7.1350  570.6350
  386.3000    5.9000  392.2000
    0.1000    3.8600    3.9600
  608.6000    6.3900  614.9900
  710.9000   13.1600  724.0600
  134.1000    7.9428  142.0428
  550.6000    3.1653  553.7653
  478.2000   38.3000  516.5000
         0    3.4600    3.4600
   57.0000    4.4500   61.4500
  374.6000   28.8600  403.4600
  314.0000    4.1540  318.1540
    0.2000    0.9100    1.1100
  374.4000    4.5100  378.9100
  407.6000    5.1458  412.7458
    0.1000    3.4100    3.5100
         0    3.4500    3.4500
  492.6000    6.4900  499.0900
  213.9000  221.6600  435.5600
  378.4000   20.9590  399.3590
  438.4000    3.7200  442.1200
  679.8000    9.9100  689.7100
    0.3000    2.5900    2.8900
  136.6000   12.7800  149.3800